fare_id,price,currency_type,payment_method,transfers,transfer_duration
1,6.40,USD,1,,
2,3.60,USD,1,,
3,8.55,USD,1,,
4,3.60,USD,1,,
5,7.35,USD,1,,
6,5.90,USD,1,,
7,5.70,USD,1,,
8,5.50,USD,1,,
9,5.30,USD,1,,
10,5.25,USD,1,,
11,5.15,USD,1,,
12,5.00,USD,1,,
13,4.90,USD,1,,
14,4.90,USD,1,,
15,4.90,USD,1,,
16,5.20,USD,1,,
17,5.40,USD,1,,
18,5.75,USD,1,,
19,6.00,USD,1,,
20,6.30,USD,1,,
21,6.65,USD,1,,
22,7.20,USD,1,,
23,7.55,USD,1,,
24,6.30,USD,1,,
25,7.55,USD,1,,
26,8.00,USD,1,,
27,7.45,USD,1,,
28,3.60,USD,1,,
29,7.20,USD,1,,
30,6.75,USD,1,,
31,6.60,USD,1,,
32,6.20,USD,1,,
33,5.75,USD,1,,
34,5.15,USD,1,,
35,4.80,USD,1,,
36,4.35,USD,1,,
37,4.35,USD,1,,
38,4.35,USD,1,,
39,4.35,USD,1,,
40,4.15,USD,1,,
41,4.05,USD,1,,
42,3.80,USD,1,,
43,3.60,USD,1,,
44,3.60,USD,1,,
45,12.10,USD,1,,
46,8.05,USD,1,,
47,8.85,USD,1,,
48,9.10,USD,1,,
49,8.20,USD,1,,
50,8.90,USD,1,,
51,3.60,USD,1,,
52,6.40,USD,1,,
53,8.55,USD,1,,
54,3.60,USD,1,,
55,7.65,USD,1,,
56,6.20,USD,1,,
57,5.95,USD,1,,
58,5.80,USD,1,,
59,5.60,USD,1,,
60,5.50,USD,1,,
61,5.40,USD,1,,
62,5.30,USD,1,,
63,5.20,USD,1,,
64,5.20,USD,1,,
65,5.20,USD,1,,
66,5.50,USD,1,,
67,5.70,USD,1,,
68,6.00,USD,1,,
69,6.30,USD,1,,
70,6.60,USD,1,,
71,6.95,USD,1,,
72,7.50,USD,1,,
73,7.85,USD,1,,
74,6.60,USD,1,,
75,7.85,USD,1,,
76,8.30,USD,1,,
77,7.70,USD,1,,
78,3.60,USD,1,,
79,7.50,USD,1,,
80,7.05,USD,1,,
81,6.85,USD,1,,
82,6.45,USD,1,,
83,6.05,USD,1,,
84,5.45,USD,1,,
85,5.10,USD,1,,
86,4.80,USD,1,,
87,4.80,USD,1,,
88,4.80,USD,1,,
89,4.80,USD,1,,
90,4.60,USD,1,,
91,4.50,USD,1,,
92,4.20,USD,1,,
93,4.05,USD,1,,
94,3.60,USD,1,,
95,12.40,USD,1,,
96,8.35,USD,1,,
97,9.15,USD,1,,
98,9.40,USD,1,,
99,8.45,USD,1,,
100,9.15,USD,1,,
101,8.55,USD,1,,
102,8.55,USD,1,,
103,6.40,USD,1,,
104,4.95,USD,1,,
105,12.80,USD,1,,
106,11.35,USD,1,,
107,11.15,USD,1,,
108,10.95,USD,1,,
109,10.75,USD,1,,
110,10.70,USD,1,,
111,10.60,USD,1,,
112,10.45,USD,1,,
113,10.35,USD,1,,
114,10.35,USD,1,,
115,10.35,USD,1,,
116,10.65,USD,1,,
117,10.85,USD,1,,
118,11.20,USD,1,,
119,11.45,USD,1,,
120,11.75,USD,1,,
121,12.10,USD,1,,
122,12.65,USD,1,,
123,13.00,USD,1,,
124,11.75,USD,1,,
125,13.00,USD,1,,
126,13.45,USD,1,,
127,12.90,USD,1,,
128,8.90,USD,1,,
129,12.65,USD,1,,
130,12.20,USD,1,,
131,12.05,USD,1,,
132,11.65,USD,1,,
133,11.20,USD,1,,
134,10.60,USD,1,,
135,10.25,USD,1,,
136,10.00,USD,1,,
137,10.00,USD,1,,
138,10.00,USD,1,,
139,10.00,USD,1,,
140,9.90,USD,1,,
141,9.80,USD,1,,
142,9.55,USD,1,,
143,9.40,USD,1,,
144,9.15,USD,1,,
145,17.60,USD,1,,
146,13.50,USD,1,,
147,14.30,USD,1,,
148,14.60,USD,1,,
149,13.65,USD,1,,
150,14.35,USD,1,,
151,3.60,USD,1,,
152,3.60,USD,1,,
153,4.95,USD,1,,
154,6.40,USD,1,,
155,8.00,USD,1,,
156,6.60,USD,1,,
157,6.35,USD,1,,
158,6.15,USD,1,,
159,5.95,USD,1,,
160,5.90,USD,1,,
161,5.80,USD,1,,
162,5.65,USD,1,,
163,5.55,USD,1,,
164,5.55,USD,1,,
165,5.55,USD,1,,
166,5.85,USD,1,,
167,6.05,USD,1,,
168,6.40,USD,1,,
169,6.65,USD,1,,
170,7.00,USD,1,,
171,7.30,USD,1,,
172,7.85,USD,1,,
173,8.20,USD,1,,
174,6.95,USD,1,,
175,8.20,USD,1,,
176,8.65,USD,1,,
177,8.10,USD,1,,
178,4.15,USD,1,,
179,7.85,USD,1,,
180,7.40,USD,1,,
181,7.25,USD,1,,
182,6.85,USD,1,,
183,6.40,USD,1,,
184,5.80,USD,1,,
185,5.45,USD,1,,
186,5.20,USD,1,,
187,5.20,USD,1,,
188,5.20,USD,1,,
189,5.20,USD,1,,
190,5.15,USD,1,,
191,5.05,USD,1,,
192,4.80,USD,1,,
193,4.65,USD,1,,
194,4.40,USD,1,,
195,12.80,USD,1,,
196,8.70,USD,1,,
197,9.50,USD,1,,
198,9.80,USD,1,,
199,8.85,USD,1,,
200,9.55,USD,1,,
201,7.35,USD,1,,
202,7.65,USD,1,,
203,12.80,USD,1,,
204,8.00,USD,1,,
205,6.40,USD,1,,
206,5.75,USD,1,,
207,5.50,USD,1,,
208,5.35,USD,1,,
209,5.10,USD,1,,
210,5.05,USD,1,,
211,5.00,USD,1,,
212,4.85,USD,1,,
213,4.75,USD,1,,
214,4.75,USD,1,,
215,4.75,USD,1,,
216,4.45,USD,1,,
217,4.20,USD,1,,
218,3.95,USD,1,,
219,2.15,USD,1,,
220,3.95,USD,1,,
221,4.30,USD,1,,
222,4.80,USD,1,,
223,5.20,USD,1,,
224,2.15,USD,1,,
225,2.15,USD,1,,
226,7.65,USD,1,,
227,7.05,USD,1,,
228,7.15,USD,1,,
229,6.85,USD,1,,
230,6.40,USD,1,,
231,6.20,USD,1,,
232,5.80,USD,1,,
233,5.40,USD,1,,
234,4.85,USD,1,,
235,4.85,USD,1,,
236,6.65,USD,1,,
237,6.65,USD,1,,
238,6.65,USD,1,,
239,6.65,USD,1,,
240,6.75,USD,1,,
241,6.80,USD,1,,
242,6.95,USD,1,,
243,7.05,USD,1,,
244,7.20,USD,1,,
245,10.95,USD,1,,
246,5.70,USD,1,,
247,6.50,USD,1,,
248,6.75,USD,1,,
249,7.80,USD,1,,
250,8.55,USD,1,,
251,5.90,USD,1,,
252,6.20,USD,1,,
253,11.35,USD,1,,
254,6.60,USD,1,,
255,5.75,USD,1,,
256,6.40,USD,1,,
257,2.15,USD,1,,
258,2.15,USD,1,,
259,2.15,USD,1,,
260,2.15,USD,1,,
261,2.15,USD,1,,
262,3.00,USD,1,,
263,3.20,USD,1,,
264,3.20,USD,1,,
265,3.20,USD,1,,
266,3.55,USD,1,,
267,3.80,USD,1,,
268,4.15,USD,1,,
269,4.40,USD,1,,
270,4.70,USD,1,,
271,5.05,USD,1,,
272,5.60,USD,1,,
273,5.95,USD,1,,
274,4.70,USD,1,,
275,5.95,USD,1,,
276,6.00,USD,1,,
277,5.40,USD,1,,
278,5.70,USD,1,,
279,5.20,USD,1,,
280,4.75,USD,1,,
281,4.55,USD,1,,
282,4.20,USD,1,,
283,3.75,USD,1,,
284,3.05,USD,1,,
285,3.40,USD,1,,
286,5.20,USD,1,,
287,5.20,USD,1,,
288,5.20,USD,1,,
289,5.20,USD,1,,
290,5.30,USD,1,,
291,5.35,USD,1,,
292,5.50,USD,1,,
293,5.60,USD,1,,
294,5.75,USD,1,,
295,10.50,USD,1,,
296,6.45,USD,1,,
297,7.25,USD,1,,
298,7.50,USD,1,,
299,6.15,USD,1,,
300,6.90,USD,1,,
301,5.70,USD,1,,
302,5.95,USD,1,,
303,11.15,USD,1,,
304,6.35,USD,1,,
305,5.50,USD,1,,
306,2.15,USD,1,,
307,6.40,USD,1,,
308,2.15,USD,1,,
309,2.15,USD,1,,
310,2.15,USD,1,,
311,2.15,USD,1,,
312,2.60,USD,1,,
313,2.85,USD,1,,
314,2.85,USD,1,,
315,2.85,USD,1,,
316,3.35,USD,1,,
317,3.55,USD,1,,
318,3.90,USD,1,,
319,4.15,USD,1,,
320,4.45,USD,1,,
321,4.80,USD,1,,
322,5.35,USD,1,,
323,5.75,USD,1,,
324,4.45,USD,1,,
325,5.70,USD,1,,
326,5.75,USD,1,,
327,5.20,USD,1,,
328,5.45,USD,1,,
329,5.00,USD,1,,
330,4.50,USD,1,,
331,4.35,USD,1,,
332,3.95,USD,1,,
333,3.55,USD,1,,
334,2.65,USD,1,,
335,3.00,USD,1,,
336,5.00,USD,1,,
337,5.00,USD,1,,
338,5.00,USD,1,,
339,5.00,USD,1,,
340,5.05,USD,1,,
341,5.10,USD,1,,
342,5.30,USD,1,,
343,5.35,USD,1,,
344,5.50,USD,1,,
345,10.30,USD,1,,
346,6.20,USD,1,,
347,7.00,USD,1,,
348,7.30,USD,1,,
349,5.95,USD,1,,
350,6.65,USD,1,,
351,5.50,USD,1,,
352,5.80,USD,1,,
353,10.95,USD,1,,
354,6.15,USD,1,,
355,5.35,USD,1,,
356,2.15,USD,1,,
357,2.15,USD,1,,
358,6.40,USD,1,,
359,2.15,USD,1,,
360,2.15,USD,1,,
361,2.15,USD,1,,
362,2.30,USD,1,,
363,2.55,USD,1,,
364,2.55,USD,1,,
365,2.55,USD,1,,
366,3.05,USD,1,,
367,3.40,USD,1,,
368,3.70,USD,1,,
369,3.95,USD,1,,
370,4.30,USD,1,,
371,4.60,USD,1,,
372,5.15,USD,1,,
373,5.55,USD,1,,
374,4.30,USD,1,,
375,5.50,USD,1,,
376,5.60,USD,1,,
377,5.00,USD,1,,
378,5.30,USD,1,,
379,4.80,USD,1,,
380,4.35,USD,1,,
381,4.15,USD,1,,
382,3.75,USD,1,,
383,3.25,USD,1,,
384,2.35,USD,1,,
385,2.75,USD,1,,
386,4.80,USD,1,,
387,4.80,USD,1,,
388,4.80,USD,1,,
389,4.80,USD,1,,
390,4.90,USD,1,,
391,4.95,USD,1,,
392,5.10,USD,1,,
393,5.20,USD,1,,
394,5.30,USD,1,,
395,10.10,USD,1,,
396,6.00,USD,1,,
397,6.80,USD,1,,
398,7.10,USD,1,,
399,5.75,USD,1,,
400,6.50,USD,1,,
401,5.30,USD,1,,
402,5.60,USD,1,,
403,10.75,USD,1,,
404,5.95,USD,1,,
405,5.10,USD,1,,
406,2.15,USD,1,,
407,2.15,USD,1,,
408,2.15,USD,1,,
409,6.40,USD,1,,
410,2.15,USD,1,,
411,2.15,USD,1,,
412,2.15,USD,1,,
413,2.15,USD,1,,
414,2.15,USD,1,,
415,2.15,USD,1,,
416,2.70,USD,1,,
417,3.05,USD,1,,
418,3.50,USD,1,,
419,3.75,USD,1,,
420,4.10,USD,1,,
421,4.40,USD,1,,
422,4.95,USD,1,,
423,5.35,USD,1,,
424,4.10,USD,1,,
425,5.30,USD,1,,
426,5.40,USD,1,,
427,4.80,USD,1,,
428,5.10,USD,1,,
429,4.60,USD,1,,
430,4.15,USD,1,,
431,3.95,USD,1,,
432,3.55,USD,1,,
433,2.90,USD,1,,
434,2.15,USD,1,,
435,2.35,USD,1,,
436,4.60,USD,1,,
437,4.60,USD,1,,
438,4.60,USD,1,,
439,4.60,USD,1,,
440,4.65,USD,1,,
441,4.75,USD,1,,
442,4.90,USD,1,,
443,4.95,USD,1,,
444,5.10,USD,1,,
445,9.75,USD,1,,
446,5.80,USD,1,,
447,6.60,USD,1,,
448,6.90,USD,1,,
449,5.55,USD,1,,
450,6.25,USD,1,,
451,5.25,USD,1,,
452,5.50,USD,1,,
453,10.70,USD,1,,
454,5.90,USD,1,,
455,5.05,USD,1,,
456,2.15,USD,1,,
457,2.15,USD,1,,
458,2.15,USD,1,,
459,2.15,USD,1,,
460,6.40,USD,1,,
461,2.15,USD,1,,
462,2.15,USD,1,,
463,2.15,USD,1,,
464,2.15,USD,1,,
465,2.15,USD,1,,
466,2.55,USD,1,,
467,2.90,USD,1,,
468,3.45,USD,1,,
469,3.70,USD,1,,
470,4.00,USD,1,,
471,4.35,USD,1,,
472,4.90,USD,1,,
473,5.30,USD,1,,
474,4.05,USD,1,,
475,5.25,USD,1,,
476,5.30,USD,1,,
477,4.75,USD,1,,
478,5.00,USD,1,,
479,4.50,USD,1,,
480,4.05,USD,1,,
481,3.90,USD,1,,
482,3.45,USD,1,,
483,2.75,USD,1,,
484,2.15,USD,1,,
485,2.25,USD,1,,
486,4.50,USD,1,,
487,4.50,USD,1,,
488,4.50,USD,1,,
489,4.50,USD,1,,
490,4.60,USD,1,,
491,4.65,USD,1,,
492,4.85,USD,1,,
493,4.90,USD,1,,
494,5.05,USD,1,,
495,9.60,USD,1,,
496,5.75,USD,1,,
497,6.55,USD,1,,
498,6.85,USD,1,,
499,5.50,USD,1,,
500,6.20,USD,1,,
501,5.15,USD,1,,
502,5.40,USD,1,,
503,10.60,USD,1,,
504,5.80,USD,1,,
505,5.00,USD,1,,
506,2.15,USD,1,,
507,2.15,USD,1,,
508,2.15,USD,1,,
509,2.15,USD,1,,
510,2.15,USD,1,,
511,6.40,USD,1,,
512,2.15,USD,1,,
513,2.15,USD,1,,
514,2.15,USD,1,,
515,2.15,USD,1,,
516,2.35,USD,1,,
517,2.70,USD,1,,
518,3.25,USD,1,,
519,3.60,USD,1,,
520,3.90,USD,1,,
521,4.25,USD,1,,
522,4.80,USD,1,,
523,5.20,USD,1,,
524,3.95,USD,1,,
525,5.15,USD,1,,
526,5.30,USD,1,,
527,4.70,USD,1,,
528,4.90,USD,1,,
529,4.50,USD,1,,
530,4.05,USD,1,,
531,3.85,USD,1,,
532,3.30,USD,1,,
533,2.60,USD,1,,
534,2.15,USD,1,,
535,2.15,USD,1,,
536,4.30,USD,1,,
537,4.30,USD,1,,
538,4.30,USD,1,,
539,4.30,USD,1,,
540,4.50,USD,1,,
541,4.55,USD,1,,
542,4.75,USD,1,,
543,4.80,USD,1,,
544,4.95,USD,1,,
545,9.45,USD,1,,
546,5.65,USD,1,,
547,6.45,USD,1,,
548,6.75,USD,1,,
549,5.45,USD,1,,
550,6.15,USD,1,,
551,5.00,USD,1,,
552,5.30,USD,1,,
553,10.45,USD,1,,
554,5.65,USD,1,,
555,4.85,USD,1,,
556,3.00,USD,1,,
557,2.60,USD,1,,
558,2.30,USD,1,,
559,2.15,USD,1,,
560,2.15,USD,1,,
561,2.15,USD,1,,
562,6.40,USD,1,,
563,2.15,USD,1,,
564,2.15,USD,1,,
565,2.15,USD,1,,
566,2.15,USD,1,,
567,2.50,USD,1,,
568,3.00,USD,1,,
569,3.40,USD,1,,
570,3.80,USD,1,,
571,4.10,USD,1,,
572,4.65,USD,1,,
573,5.05,USD,1,,
574,3.80,USD,1,,
575,5.00,USD,1,,
576,5.30,USD,1,,
577,4.70,USD,1,,
578,4.80,USD,1,,
579,4.50,USD,1,,
580,4.05,USD,1,,
581,3.85,USD,1,,
582,3.20,USD,1,,
583,2.15,USD,1,,
584,2.15,USD,1,,
585,2.15,USD,1,,
586,4.05,USD,1,,
587,4.05,USD,1,,
588,4.05,USD,1,,
589,4.05,USD,1,,
590,4.25,USD,1,,
591,4.35,USD,1,,
592,4.60,USD,1,,
593,4.65,USD,1,,
594,4.80,USD,1,,
595,9.20,USD,1,,
596,5.50,USD,1,,
597,6.30,USD,1,,
598,6.60,USD,1,,
599,5.45,USD,1,,
600,6.15,USD,1,,
601,4.90,USD,1,,
602,5.20,USD,1,,
603,10.35,USD,1,,
604,5.55,USD,1,,
605,4.75,USD,1,,
606,3.20,USD,1,,
607,2.85,USD,1,,
608,2.55,USD,1,,
609,2.15,USD,1,,
610,2.15,USD,1,,
611,2.15,USD,1,,
612,2.15,USD,1,,
613,6.40,USD,1,,
614,2.15,USD,1,,
615,2.15,USD,1,,
616,2.15,USD,1,,
617,2.15,USD,1,,
618,2.75,USD,1,,
619,3.20,USD,1,,
620,3.70,USD,1,,
621,4.00,USD,1,,
622,4.55,USD,1,,
623,4.95,USD,1,,
624,3.70,USD,1,,
625,4.90,USD,1,,
626,5.30,USD,1,,
627,4.75,USD,1,,
628,4.70,USD,1,,
629,4.50,USD,1,,
630,4.05,USD,1,,
631,3.90,USD,1,,
632,3.40,USD,1,,
633,2.70,USD,1,,
634,2.15,USD,1,,
635,2.15,USD,1,,
636,3.85,USD,1,,
637,3.85,USD,1,,
638,3.85,USD,1,,
639,3.85,USD,1,,
640,4.05,USD,1,,
641,4.15,USD,1,,
642,4.40,USD,1,,
643,4.55,USD,1,,
644,4.70,USD,1,,
645,8.85,USD,1,,
646,5.40,USD,1,,
647,6.20,USD,1,,
648,6.50,USD,1,,
649,5.50,USD,1,,
650,6.20,USD,1,,
651,4.90,USD,1,,
652,5.20,USD,1,,
653,10.35,USD,1,,
654,5.55,USD,1,,
655,4.75,USD,1,,
656,3.20,USD,1,,
657,2.85,USD,1,,
658,2.55,USD,1,,
659,2.15,USD,1,,
660,2.15,USD,1,,
661,2.15,USD,1,,
662,2.15,USD,1,,
663,2.15,USD,1,,
664,6.40,USD,1,,
665,2.15,USD,1,,
666,2.15,USD,1,,
667,2.15,USD,1,,
668,2.75,USD,1,,
669,3.20,USD,1,,
670,3.70,USD,1,,
671,4.00,USD,1,,
672,4.55,USD,1,,
673,4.95,USD,1,,
674,3.70,USD,1,,
675,4.90,USD,1,,
676,5.30,USD,1,,
677,4.75,USD,1,,
678,4.70,USD,1,,
679,4.50,USD,1,,
680,4.05,USD,1,,
681,3.90,USD,1,,
682,3.40,USD,1,,
683,2.70,USD,1,,
684,2.15,USD,1,,
685,2.15,USD,1,,
686,3.85,USD,1,,
687,3.85,USD,1,,
688,3.85,USD,1,,
689,3.85,USD,1,,
690,4.05,USD,1,,
691,4.15,USD,1,,
692,4.40,USD,1,,
693,4.55,USD,1,,
694,4.70,USD,1,,
695,8.85,USD,1,,
696,5.40,USD,1,,
697,6.20,USD,1,,
698,6.50,USD,1,,
699,5.50,USD,1,,
700,6.20,USD,1,,
701,4.90,USD,1,,
702,5.20,USD,1,,
703,10.35,USD,1,,
704,5.55,USD,1,,
705,4.75,USD,1,,
706,3.20,USD,1,,
707,2.85,USD,1,,
708,2.55,USD,1,,
709,2.15,USD,1,,
710,2.15,USD,1,,
711,2.15,USD,1,,
712,2.15,USD,1,,
713,2.15,USD,1,,
714,2.15,USD,1,,
715,6.40,USD,1,,
716,2.15,USD,1,,
717,2.15,USD,1,,
718,2.75,USD,1,,
719,3.20,USD,1,,
720,3.70,USD,1,,
721,4.00,USD,1,,
722,4.55,USD,1,,
723,4.95,USD,1,,
724,3.70,USD,1,,
725,4.90,USD,1,,
726,5.30,USD,1,,
727,4.75,USD,1,,
728,4.70,USD,1,,
729,4.50,USD,1,,
730,4.05,USD,1,,
731,3.90,USD,1,,
732,3.40,USD,1,,
733,2.70,USD,1,,
734,2.15,USD,1,,
735,2.15,USD,1,,
736,3.85,USD,1,,
737,3.85,USD,1,,
738,3.85,USD,1,,
739,3.85,USD,1,,
740,4.05,USD,1,,
741,4.15,USD,1,,
742,4.40,USD,1,,
743,4.55,USD,1,,
744,4.70,USD,1,,
745,8.85,USD,1,,
746,5.40,USD,1,,
747,6.20,USD,1,,
748,6.50,USD,1,,
749,5.50,USD,1,,
750,6.20,USD,1,,
751,5.20,USD,1,,
752,5.50,USD,1,,
753,10.65,USD,1,,
754,5.85,USD,1,,
755,4.45,USD,1,,
756,3.55,USD,1,,
757,3.35,USD,1,,
758,3.05,USD,1,,
759,2.70,USD,1,,
760,2.55,USD,1,,
761,2.35,USD,1,,
762,2.15,USD,1,,
763,2.15,USD,1,,
764,2.15,USD,1,,
765,2.15,USD,1,,
766,6.40,USD,1,,
767,2.15,USD,1,,
768,2.15,USD,1,,
769,2.70,USD,1,,
770,3.20,USD,1,,
771,3.70,USD,1,,
772,4.25,USD,1,,
773,4.65,USD,1,,
774,3.20,USD,1,,
775,4.60,USD,1,,
776,5.50,USD,1,,
777,4.90,USD,1,,
778,5.00,USD,1,,
779,4.70,USD,1,,
780,4.25,USD,1,,
781,4.05,USD,1,,
782,3.65,USD,1,,
783,3.05,USD,1,,
784,2.20,USD,1,,
785,2.15,USD,1,,
786,4.30,USD,1,,
787,4.30,USD,1,,
788,4.30,USD,1,,
789,4.30,USD,1,,
790,4.50,USD,1,,
791,4.65,USD,1,,
792,4.80,USD,1,,
793,4.85,USD,1,,
794,5.00,USD,1,,
795,8.85,USD,1,,
796,5.15,USD,1,,
797,5.95,USD,1,,
798,6.20,USD,1,,
799,5.65,USD,1,,
800,6.35,USD,1,,
801,5.40,USD,1,,
802,5.70,USD,1,,
803,10.85,USD,1,,
804,6.05,USD,1,,
805,4.20,USD,1,,
806,3.80,USD,1,,
807,3.55,USD,1,,
808,3.40,USD,1,,
809,3.05,USD,1,,
810,2.90,USD,1,,
811,2.70,USD,1,,
812,2.50,USD,1,,
813,2.15,USD,1,,
814,2.15,USD,1,,
815,2.15,USD,1,,
816,2.15,USD,1,,
817,6.40,USD,1,,
818,2.15,USD,1,,
819,2.15,USD,1,,
820,2.85,USD,1,,
821,3.35,USD,1,,
822,4.05,USD,1,,
823,4.45,USD,1,,
824,2.85,USD,1,,
825,4.40,USD,1,,
826,5.70,USD,1,,
827,5.15,USD,1,,
828,5.20,USD,1,,
829,4.90,USD,1,,
830,4.45,USD,1,,
831,4.30,USD,1,,
832,3.90,USD,1,,
833,3.45,USD,1,,
834,2.55,USD,1,,
835,2.40,USD,1,,
836,4.65,USD,1,,
837,4.65,USD,1,,
838,4.65,USD,1,,
839,4.65,USD,1,,
840,4.80,USD,1,,
841,4.85,USD,1,,
842,5.00,USD,1,,
843,5.10,USD,1,,
844,5.25,USD,1,,
845,6.70,USD,1,,
846,4.90,USD,1,,
847,5.70,USD,1,,
848,6.00,USD,1,,
849,5.90,USD,1,,
850,6.60,USD,1,,
851,5.75,USD,1,,
852,6.00,USD,1,,
853,11.20,USD,1,,
854,6.40,USD,1,,
855,3.95,USD,1,,
856,4.15,USD,1,,
857,3.90,USD,1,,
858,3.70,USD,1,,
859,3.50,USD,1,,
860,3.45,USD,1,,
861,3.25,USD,1,,
862,3.00,USD,1,,
863,2.75,USD,1,,
864,2.75,USD,1,,
865,2.75,USD,1,,
866,2.15,USD,1,,
867,2.15,USD,1,,
868,6.40,USD,1,,
869,2.15,USD,1,,
870,2.15,USD,1,,
871,2.85,USD,1,,
872,3.65,USD,1,,
873,4.10,USD,1,,
874,2.15,USD,1,,
875,4.10,USD,1,,
876,6.00,USD,1,,
877,5.45,USD,1,,
878,5.55,USD,1,,
879,5.20,USD,1,,
880,4.80,USD,1,,
881,4.60,USD,1,,
882,4.20,USD,1,,
883,3.80,USD,1,,
884,3.05,USD,1,,
885,2.95,USD,1,,
886,5.05,USD,1,,
887,5.05,USD,1,,
888,5.05,USD,1,,
889,5.05,USD,1,,
890,5.15,USD,1,,
891,5.15,USD,1,,
892,5.35,USD,1,,
893,5.45,USD,1,,
894,5.55,USD,1,,
895,8.85,USD,1,,
896,4.60,USD,1,,
897,5.40,USD,1,,
898,5.65,USD,1,,
899,6.20,USD,1,,
900,6.90,USD,1,,
901,6.00,USD,1,,
902,6.30,USD,1,,
903,11.45,USD,1,,
904,6.65,USD,1,,
905,2.15,USD,1,,
906,4.40,USD,1,,
907,4.15,USD,1,,
908,3.95,USD,1,,
909,3.75,USD,1,,
910,3.70,USD,1,,
911,3.60,USD,1,,
912,3.40,USD,1,,
913,3.20,USD,1,,
914,3.20,USD,1,,
915,3.20,USD,1,,
916,2.70,USD,1,,
917,2.15,USD,1,,
918,2.15,USD,1,,
919,6.40,USD,1,,
920,2.15,USD,1,,
921,2.15,USD,1,,
922,2.15,USD,1,,
923,2.15,USD,1,,
924,2.15,USD,1,,
925,2.15,USD,1,,
926,6.30,USD,1,,
927,5.70,USD,1,,
928,5.80,USD,1,,
929,5.50,USD,1,,
930,5.05,USD,1,,
931,4.85,USD,1,,
932,4.45,USD,1,,
933,4.05,USD,1,,
934,3.45,USD,1,,
935,3.40,USD,1,,
936,5.30,USD,1,,
937,5.30,USD,1,,
938,5.30,USD,1,,
939,5.30,USD,1,,
940,5.40,USD,1,,
941,5.45,USD,1,,
942,5.60,USD,1,,
943,5.70,USD,1,,
944,5.80,USD,1,,
945,8.85,USD,1,,
946,4.30,USD,1,,
947,5.15,USD,1,,
948,5.40,USD,1,,
949,6.45,USD,1,,
950,7.15,USD,1,,
951,6.30,USD,1,,
952,6.60,USD,1,,
953,11.75,USD,1,,
954,7.00,USD,1,,
955,3.95,USD,1,,
956,4.70,USD,1,,
957,4.45,USD,1,,
958,4.30,USD,1,,
959,4.10,USD,1,,
960,4.00,USD,1,,
961,3.90,USD,1,,
962,3.80,USD,1,,
963,3.70,USD,1,,
964,3.70,USD,1,,
965,3.70,USD,1,,
966,3.20,USD,1,,
967,2.85,USD,1,,
968,2.15,USD,1,,
969,2.15,USD,1,,
970,6.40,USD,1,,
971,2.15,USD,1,,
972,2.15,USD,1,,
973,2.15,USD,1,,
974,2.15,USD,1,,
975,4.15,USD,1,,
976,6.60,USD,1,,
977,6.00,USD,1,,
978,6.10,USD,1,,
979,5.80,USD,1,,
980,5.35,USD,1,,
981,5.20,USD,1,,
982,4.80,USD,1,,
983,4.35,USD,1,,
984,3.80,USD,1,,
985,3.80,USD,1,,
986,5.60,USD,1,,
987,5.60,USD,1,,
988,5.60,USD,1,,
989,5.60,USD,1,,
990,5.70,USD,1,,
991,5.75,USD,1,,
992,5.90,USD,1,,
993,6.00,USD,1,,
994,6.15,USD,1,,
995,9.55,USD,1,,
996,4.00,USD,1,,
997,4.80,USD,1,,
998,5.10,USD,1,,
999,6.75,USD,1,,
1000,7.45,USD,1,,
1001,6.65,USD,1,,
1002,6.95,USD,1,,
1003,12.10,USD,1,,
1004,7.30,USD,1,,
1005,4.30,USD,1,,
1006,5.05,USD,1,,
1007,4.80,USD,1,,
1008,4.60,USD,1,,
1009,4.40,USD,1,,
1010,4.35,USD,1,,
1011,4.25,USD,1,,
1012,4.10,USD,1,,
1013,4.00,USD,1,,
1014,4.00,USD,1,,
1015,4.00,USD,1,,
1016,3.70,USD,1,,
1017,3.35,USD,1,,
1018,2.85,USD,1,,
1019,2.15,USD,1,,
1020,2.15,USD,1,,
1021,6.40,USD,1,,
1022,2.15,USD,1,,
1023,2.15,USD,1,,
1024,2.90,USD,1,,
1025,4.45,USD,1,,
1026,6.95,USD,1,,
1027,6.35,USD,1,,
1028,6.45,USD,1,,
1029,6.15,USD,1,,
1030,5.65,USD,1,,
1031,5.50,USD,1,,
1032,5.10,USD,1,,
1033,4.70,USD,1,,
1034,4.10,USD,1,,
1035,4.10,USD,1,,
1036,5.95,USD,1,,
1037,5.95,USD,1,,
1038,5.95,USD,1,,
1039,5.95,USD,1,,
1040,6.00,USD,1,,
1041,6.10,USD,1,,
1042,6.25,USD,1,,
1043,6.30,USD,1,,
1044,6.45,USD,1,,
1045,10.05,USD,1,,
1046,2.15,USD,1,,
1047,4.50,USD,1,,
1048,4.75,USD,1,,
1049,7.10,USD,1,,
1050,7.80,USD,1,,
1051,7.20,USD,1,,
1052,7.50,USD,1,,
1053,12.65,USD,1,,
1054,7.85,USD,1,,
1055,4.80,USD,1,,
1056,5.60,USD,1,,
1057,5.35,USD,1,,
1058,5.15,USD,1,,
1059,4.95,USD,1,,
1060,4.90,USD,1,,
1061,4.80,USD,1,,
1062,4.65,USD,1,,
1063,4.55,USD,1,,
1064,4.55,USD,1,,
1065,4.55,USD,1,,
1066,4.25,USD,1,,
1067,4.05,USD,1,,
1068,3.65,USD,1,,
1069,2.15,USD,1,,
1070,2.15,USD,1,,
1071,2.15,USD,1,,
1072,6.40,USD,1,,
1073,2.15,USD,1,,
1074,3.70,USD,1,,
1075,5.00,USD,1,,
1076,7.45,USD,1,,
1077,6.90,USD,1,,
1078,7.00,USD,1,,
1079,6.70,USD,1,,
1080,6.20,USD,1,,
1081,6.05,USD,1,,
1082,5.65,USD,1,,
1083,5.25,USD,1,,
1084,4.65,USD,1,,
1085,4.65,USD,1,,
1086,6.50,USD,1,,
1087,6.50,USD,1,,
1088,6.50,USD,1,,
1089,6.50,USD,1,,
1090,6.55,USD,1,,
1091,6.60,USD,1,,
1092,6.80,USD,1,,
1093,6.85,USD,1,,
1094,7.00,USD,1,,
1095,10.75,USD,1,,
1096,2.15,USD,1,,
1097,3.95,USD,1,,
1098,4.20,USD,1,,
1099,7.65,USD,1,,
1100,8.35,USD,1,,
1101,7.55,USD,1,,
1102,7.85,USD,1,,
1103,13.00,USD,1,,
1104,8.20,USD,1,,
1105,5.20,USD,1,,
1106,5.95,USD,1,,
1107,5.75,USD,1,,
1108,5.55,USD,1,,
1109,5.35,USD,1,,
1110,5.30,USD,1,,
1111,5.20,USD,1,,
1112,5.05,USD,1,,
1113,4.95,USD,1,,
1114,4.95,USD,1,,
1115,4.95,USD,1,,
1116,4.65,USD,1,,
1117,4.45,USD,1,,
1118,4.10,USD,1,,
1119,2.15,USD,1,,
1120,2.15,USD,1,,
1121,2.15,USD,1,,
1122,2.15,USD,1,,
1123,6.40,USD,1,,
1124,4.15,USD,1,,
1125,5.40,USD,1,,
1126,7.85,USD,1,,
1127,7.30,USD,1,,
1128,7.35,USD,1,,
1129,7.05,USD,1,,
1130,6.60,USD,1,,
1131,6.45,USD,1,,
1132,6.05,USD,1,,
1133,5.60,USD,1,,
1134,5.05,USD,1,,
1135,5.05,USD,1,,
1136,6.85,USD,1,,
1137,6.85,USD,1,,
1138,6.85,USD,1,,
1139,6.85,USD,1,,
1140,6.95,USD,1,,
1141,7.00,USD,1,,
1142,7.15,USD,1,,
1143,7.25,USD,1,,
1144,7.40,USD,1,,
1145,11.15,USD,1,,
1146,2.15,USD,1,,
1147,3.40,USD,1,,
1148,3.85,USD,1,,
1149,8.05,USD,1,,
1150,8.75,USD,1,,
1151,6.30,USD,1,,
1152,6.60,USD,1,,
1153,11.75,USD,1,,
1154,6.95,USD,1,,
1155,2.15,USD,1,,
1156,4.70,USD,1,,
1157,4.45,USD,1,,
1158,4.30,USD,1,,
1159,4.10,USD,1,,
1160,4.05,USD,1,,
1161,3.95,USD,1,,
1162,3.80,USD,1,,
1163,3.70,USD,1,,
1164,3.70,USD,1,,
1165,3.70,USD,1,,
1166,3.20,USD,1,,
1167,2.85,USD,1,,
1168,2.15,USD,1,,
1169,2.15,USD,1,,
1170,2.15,USD,1,,
1171,2.90,USD,1,,
1172,3.70,USD,1,,
1173,4.15,USD,1,,
1174,6.40,USD,1,,
1175,2.15,USD,1,,
1176,6.60,USD,1,,
1177,6.00,USD,1,,
1178,6.10,USD,1,,
1179,5.80,USD,1,,
1180,5.35,USD,1,,
1181,5.20,USD,1,,
1182,4.80,USD,1,,
1183,4.35,USD,1,,
1184,3.80,USD,1,,
1185,3.80,USD,1,,
1186,5.60,USD,1,,
1187,5.60,USD,1,,
1188,5.60,USD,1,,
1189,5.60,USD,1,,
1190,5.70,USD,1,,
1191,5.75,USD,1,,
1192,5.90,USD,1,,
1193,6.00,USD,1,,
1194,6.15,USD,1,,
1195,9.55,USD,1,,
1196,4.65,USD,1,,
1197,5.45,USD,1,,
1198,5.70,USD,1,,
1199,6.80,USD,1,,
1200,7.50,USD,1,,
1201,7.55,USD,1,,
1202,7.85,USD,1,,
1203,13.00,USD,1,,
1204,8.20,USD,1,,
1205,2.15,USD,1,,
1206,5.95,USD,1,,
1207,5.70,USD,1,,
1208,5.50,USD,1,,
1209,5.30,USD,1,,
1210,5.25,USD,1,,
1211,5.15,USD,1,,
1212,5.00,USD,1,,
1213,4.90,USD,1,,
1214,4.90,USD,1,,
1215,4.90,USD,1,,
1216,4.60,USD,1,,
1217,4.40,USD,1,,
1218,4.10,USD,1,,
1219,2.15,USD,1,,
1220,4.15,USD,1,,
1221,4.45,USD,1,,
1222,5.00,USD,1,,
1223,5.40,USD,1,,
1224,2.15,USD,1,,
1225,6.40,USD,1,,
1226,7.85,USD,1,,
1227,7.25,USD,1,,
1228,7.35,USD,1,,
1229,7.05,USD,1,,
1230,6.60,USD,1,,
1231,6.40,USD,1,,
1232,6.00,USD,1,,
1233,5.60,USD,1,,
1234,5.00,USD,1,,
1235,5.00,USD,1,,
1236,6.85,USD,1,,
1237,6.85,USD,1,,
1238,6.85,USD,1,,
1239,6.85,USD,1,,
1240,6.90,USD,1,,
1241,7.00,USD,1,,
1242,7.15,USD,1,,
1243,7.20,USD,1,,
1244,7.35,USD,1,,
1245,11.10,USD,1,,
1246,5.85,USD,1,,
1247,6.65,USD,1,,
1248,6.95,USD,1,,
1249,8.00,USD,1,,
1250,8.70,USD,1,,
1251,8.00,USD,1,,
1252,8.30,USD,1,,
1253,13.45,USD,1,,
1254,8.65,USD,1,,
1255,7.65,USD,1,,
1256,6.00,USD,1,,
1257,5.75,USD,1,,
1258,5.60,USD,1,,
1259,5.40,USD,1,,
1260,5.30,USD,1,,
1261,5.30,USD,1,,
1262,5.30,USD,1,,
1263,5.30,USD,1,,
1264,5.30,USD,1,,
1265,5.30,USD,1,,
1266,5.50,USD,1,,
1267,5.70,USD,1,,
1268,6.00,USD,1,,
1269,6.30,USD,1,,
1270,6.60,USD,1,,
1271,6.95,USD,1,,
1272,7.45,USD,1,,
1273,7.85,USD,1,,
1274,6.60,USD,1,,
1275,7.85,USD,1,,
1276,6.40,USD,1,,
1277,2.15,USD,1,,
1278,7.80,USD,1,,
1279,2.15,USD,1,,
1280,2.15,USD,1,,
1281,2.15,USD,1,,
1282,4.10,USD,1,,
1283,4.50,USD,1,,
1284,5.15,USD,1,,
1285,5.45,USD,1,,
1286,7.30,USD,1,,
1287,7.30,USD,1,,
1288,7.30,USD,1,,
1289,7.30,USD,1,,
1290,7.40,USD,1,,
1291,7.45,USD,1,,
1292,7.60,USD,1,,
1293,7.70,USD,1,,
1294,7.80,USD,1,,
1295,12.40,USD,1,,
1296,8.35,USD,1,,
1297,9.15,USD,1,,
1298,9.40,USD,1,,
1299,2.15,USD,1,,
1300,2.15,USD,1,,
1301,7.45,USD,1,,
1302,7.70,USD,1,,
1303,12.90,USD,1,,
1304,8.10,USD,1,,
1305,7.05,USD,1,,
1306,5.40,USD,1,,
1307,5.20,USD,1,,
1308,5.00,USD,1,,
1309,4.80,USD,1,,
1310,4.75,USD,1,,
1311,4.70,USD,1,,
1312,4.70,USD,1,,
1313,4.75,USD,1,,
1314,4.75,USD,1,,
1315,4.75,USD,1,,
1316,4.90,USD,1,,
1317,5.15,USD,1,,
1318,5.45,USD,1,,
1319,5.70,USD,1,,
1320,6.00,USD,1,,
1321,6.35,USD,1,,
1322,6.90,USD,1,,
1323,7.30,USD,1,,
1324,6.00,USD,1,,
1325,7.25,USD,1,,
1326,2.15,USD,1,,
1327,6.40,USD,1,,
1328,7.20,USD,1,,
1329,2.15,USD,1,,
1330,2.15,USD,1,,
1331,2.15,USD,1,,
1332,3.40,USD,1,,
1333,3.95,USD,1,,
1334,4.55,USD,1,,
1335,4.90,USD,1,,
1336,6.70,USD,1,,
1337,6.70,USD,1,,
1338,6.70,USD,1,,
1339,6.70,USD,1,,
1340,6.80,USD,1,,
1341,6.85,USD,1,,
1342,7.05,USD,1,,
1343,7.10,USD,1,,
1344,7.25,USD,1,,
1345,11.85,USD,1,,
1346,7.75,USD,1,,
1347,8.55,USD,1,,
1348,8.85,USD,1,,
1349,2.15,USD,1,,
1350,3.75,USD,1,,
1351,3.60,USD,1,,
1352,3.60,USD,1,,
1353,8.90,USD,1,,
1354,4.15,USD,1,,
1355,7.15,USD,1,,
1356,5.70,USD,1,,
1357,5.45,USD,1,,
1358,5.30,USD,1,,
1359,5.10,USD,1,,
1360,5.00,USD,1,,
1361,4.90,USD,1,,
1362,4.80,USD,1,,
1363,4.70,USD,1,,
1364,4.70,USD,1,,
1365,4.70,USD,1,,
1366,5.00,USD,1,,
1367,5.20,USD,1,,
1368,5.55,USD,1,,
1369,5.80,USD,1,,
1370,6.10,USD,1,,
1371,6.45,USD,1,,
1372,7.00,USD,1,,
1373,7.35,USD,1,,
1374,6.10,USD,1,,
1375,7.35,USD,1,,
1376,7.80,USD,1,,
1377,7.20,USD,1,,
1378,6.40,USD,1,,
1379,7.00,USD,1,,
1380,6.55,USD,1,,
1381,6.35,USD,1,,
1382,5.95,USD,1,,
1383,5.55,USD,1,,
1384,4.95,USD,1,,
1385,4.60,USD,1,,
1386,4.05,USD,1,,
1387,4.05,USD,1,,
1388,4.05,USD,1,,
1389,4.05,USD,1,,
1390,3.85,USD,1,,
1391,3.70,USD,1,,
1392,3.60,USD,1,,
1393,3.60,USD,1,,
1394,3.60,USD,1,,
1395,11.90,USD,1,,
1396,7.85,USD,1,,
1397,8.65,USD,1,,
1398,8.90,USD,1,,
1399,7.95,USD,1,,
1400,8.70,USD,1,,
1401,7.20,USD,1,,
1402,7.50,USD,1,,
1403,12.65,USD,1,,
1404,7.85,USD,1,,
1405,6.85,USD,1,,
1406,5.20,USD,1,,
1407,5.00,USD,1,,
1408,4.80,USD,1,,
1409,4.60,USD,1,,
1410,4.50,USD,1,,
1411,4.50,USD,1,,
1412,4.50,USD,1,,
1413,4.50,USD,1,,
1414,4.50,USD,1,,
1415,4.50,USD,1,,
1416,4.70,USD,1,,
1417,4.90,USD,1,,
1418,5.20,USD,1,,
1419,5.50,USD,1,,
1420,5.80,USD,1,,
1421,6.15,USD,1,,
1422,6.70,USD,1,,
1423,7.05,USD,1,,
1424,5.80,USD,1,,
1425,7.05,USD,1,,
1426,2.15,USD,1,,
1427,2.15,USD,1,,
1428,7.00,USD,1,,
1429,6.40,USD,1,,
1430,2.15,USD,1,,
1431,2.15,USD,1,,
1432,2.15,USD,1,,
1433,2.15,USD,1,,
1434,4.35,USD,1,,
1435,4.65,USD,1,,
1436,6.50,USD,1,,
1437,6.50,USD,1,,
1438,6.50,USD,1,,
1439,6.50,USD,1,,
1440,6.60,USD,1,,
1441,6.65,USD,1,,
1442,6.80,USD,1,,
1443,6.90,USD,1,,
1444,7.00,USD,1,,
1445,11.60,USD,1,,
1446,7.55,USD,1,,
1447,8.35,USD,1,,
1448,8.60,USD,1,,
1449,2.15,USD,1,,
1450,3.95,USD,1,,
1451,6.75,USD,1,,
1452,7.05,USD,1,,
1453,12.20,USD,1,,
1454,7.40,USD,1,,
1455,6.40,USD,1,,
1456,4.75,USD,1,,
1457,4.50,USD,1,,
1458,4.35,USD,1,,
1459,4.15,USD,1,,
1460,4.05,USD,1,,
1461,4.05,USD,1,,
1462,4.05,USD,1,,
1463,4.05,USD,1,,
1464,4.05,USD,1,,
1465,4.05,USD,1,,
1466,4.25,USD,1,,
1467,4.45,USD,1,,
1468,4.80,USD,1,,
1469,5.05,USD,1,,
1470,5.35,USD,1,,
1471,5.65,USD,1,,
1472,6.20,USD,1,,
1473,6.60,USD,1,,
1474,5.35,USD,1,,
1475,6.60,USD,1,,
1476,2.15,USD,1,,
1477,2.15,USD,1,,
1478,6.55,USD,1,,
1479,2.15,USD,1,,
1480,6.40,USD,1,,
1481,2.15,USD,1,,
1482,2.15,USD,1,,
1483,2.15,USD,1,,
1484,3.85,USD,1,,
1485,4.25,USD,1,,
1486,6.05,USD,1,,
1487,6.05,USD,1,,
1488,6.05,USD,1,,
1489,6.05,USD,1,,
1490,6.10,USD,1,,
1491,6.20,USD,1,,
1492,6.35,USD,1,,
1493,6.40,USD,1,,
1494,6.55,USD,1,,
1495,11.15,USD,1,,
1496,7.10,USD,1,,
1497,7.90,USD,1,,
1498,8.15,USD,1,,
1499,3.70,USD,1,,
1500,4.40,USD,1,,
1501,6.60,USD,1,,
1502,6.85,USD,1,,
1503,12.05,USD,1,,
1504,7.25,USD,1,,
1505,6.20,USD,1,,
1506,4.55,USD,1,,
1507,4.35,USD,1,,
1508,4.15,USD,1,,
1509,3.95,USD,1,,
1510,3.90,USD,1,,
1511,3.85,USD,1,,
1512,3.85,USD,1,,
1513,3.90,USD,1,,
1514,3.90,USD,1,,
1515,3.90,USD,1,,
1516,4.05,USD,1,,
1517,4.30,USD,1,,
1518,4.60,USD,1,,
1519,4.85,USD,1,,
1520,5.20,USD,1,,
1521,5.50,USD,1,,
1522,6.05,USD,1,,
1523,6.45,USD,1,,
1524,5.20,USD,1,,
1525,6.40,USD,1,,
1526,2.15,USD,1,,
1527,2.15,USD,1,,
1528,6.35,USD,1,,
1529,2.15,USD,1,,
1530,2.15,USD,1,,
1531,6.40,USD,1,,
1532,2.15,USD,1,,
1533,2.15,USD,1,,
1534,3.60,USD,1,,
1535,4.05,USD,1,,
1536,5.85,USD,1,,
1537,5.85,USD,1,,
1538,5.85,USD,1,,
1539,5.85,USD,1,,
1540,5.95,USD,1,,
1541,6.00,USD,1,,
1542,6.15,USD,1,,
1543,6.25,USD,1,,
1544,6.40,USD,1,,
1545,11.00,USD,1,,
1546,6.90,USD,1,,
1547,7.70,USD,1,,
1548,8.00,USD,1,,
1549,3.90,USD,1,,
1550,4.60,USD,1,,
1551,6.20,USD,1,,
1552,6.45,USD,1,,
1553,11.65,USD,1,,
1554,6.85,USD,1,,
1555,5.80,USD,1,,
1556,4.20,USD,1,,
1557,3.95,USD,1,,
1558,3.75,USD,1,,
1559,3.55,USD,1,,
1560,3.45,USD,1,,
1561,3.30,USD,1,,
1562,3.20,USD,1,,
1563,3.40,USD,1,,
1564,3.40,USD,1,,
1565,3.40,USD,1,,
1566,3.65,USD,1,,
1567,3.90,USD,1,,
1568,4.20,USD,1,,
1569,4.45,USD,1,,
1570,4.80,USD,1,,
1571,5.10,USD,1,,
1572,5.65,USD,1,,
1573,6.05,USD,1,,
1574,4.80,USD,1,,
1575,6.00,USD,1,,
1576,4.10,USD,1,,
1577,3.40,USD,1,,
1578,5.95,USD,1,,
1579,2.15,USD,1,,
1580,2.15,USD,1,,
1581,2.15,USD,1,,
1582,6.40,USD,1,,
1583,2.15,USD,1,,
1584,3.00,USD,1,,
1585,3.65,USD,1,,
1586,5.50,USD,1,,
1587,5.50,USD,1,,
1588,5.50,USD,1,,
1589,5.50,USD,1,,
1590,5.55,USD,1,,
1591,5.60,USD,1,,
1592,5.80,USD,1,,
1593,5.85,USD,1,,
1594,6.00,USD,1,,
1595,10.60,USD,1,,
1596,6.50,USD,1,,
1597,7.30,USD,1,,
1598,7.60,USD,1,,
1599,4.30,USD,1,,
1600,5.00,USD,1,,
1601,5.75,USD,1,,
1602,6.05,USD,1,,
1603,11.20,USD,1,,
1604,6.40,USD,1,,
1605,5.40,USD,1,,
1606,3.75,USD,1,,
1607,3.55,USD,1,,
1608,3.25,USD,1,,
1609,2.90,USD,1,,
1610,2.75,USD,1,,
1611,2.60,USD,1,,
1612,2.15,USD,1,,
1613,2.70,USD,1,,
1614,2.70,USD,1,,
1615,2.70,USD,1,,
1616,3.05,USD,1,,
1617,3.45,USD,1,,
1618,3.80,USD,1,,
1619,4.05,USD,1,,
1620,4.35,USD,1,,
1621,4.70,USD,1,,
1622,5.25,USD,1,,
1623,5.60,USD,1,,
1624,4.35,USD,1,,
1625,5.60,USD,1,,
1626,4.50,USD,1,,
1627,3.95,USD,1,,
1628,5.55,USD,1,,
1629,2.15,USD,1,,
1630,2.15,USD,1,,
1631,2.15,USD,1,,
1632,2.15,USD,1,,
1633,6.40,USD,1,,
1634,2.15,USD,1,,
1635,2.95,USD,1,,
1636,5.05,USD,1,,
1637,5.05,USD,1,,
1638,5.05,USD,1,,
1639,5.05,USD,1,,
1640,5.15,USD,1,,
1641,5.20,USD,1,,
1642,5.35,USD,1,,
1643,5.45,USD,1,,
1644,5.60,USD,1,,
1645,10.15,USD,1,,
1646,6.10,USD,1,,
1647,6.90,USD,1,,
1648,7.15,USD,1,,
1649,4.70,USD,1,,
1650,5.40,USD,1,,
1651,5.15,USD,1,,
1652,5.45,USD,1,,
1653,10.60,USD,1,,
1654,5.80,USD,1,,
1655,4.85,USD,1,,
1656,3.05,USD,1,,
1657,2.65,USD,1,,
1658,2.35,USD,1,,
1659,2.15,USD,1,,
1660,2.15,USD,1,,
1661,2.15,USD,1,,
1662,2.15,USD,1,,
1663,2.15,USD,1,,
1664,2.15,USD,1,,
1665,2.15,USD,1,,
1666,2.20,USD,1,,
1667,2.55,USD,1,,
1668,3.05,USD,1,,
1669,3.45,USD,1,,
1670,3.80,USD,1,,
1671,4.10,USD,1,,
1672,4.65,USD,1,,
1673,5.05,USD,1,,
1674,3.80,USD,1,,
1675,5.00,USD,1,,
1676,5.15,USD,1,,
1677,4.55,USD,1,,
1678,4.95,USD,1,,
1679,4.35,USD,1,,
1680,3.85,USD,1,,
1681,3.60,USD,1,,
1682,3.00,USD,1,,
1683,2.15,USD,1,,
1684,6.40,USD,1,,
1685,2.15,USD,1,,
1686,4.30,USD,1,,
1687,4.30,USD,1,,
1688,4.30,USD,1,,
1689,4.30,USD,1,,
1690,4.50,USD,1,,
1691,4.60,USD,1,,
1692,4.75,USD,1,,
1693,4.80,USD,1,,
1694,4.95,USD,1,,
1695,9.25,USD,1,,
1696,5.50,USD,1,,
1697,6.30,USD,1,,
1698,6.60,USD,1,,
1699,5.30,USD,1,,
1700,6.00,USD,1,,
1701,4.80,USD,1,,
1702,5.10,USD,1,,
1703,10.25,USD,1,,
1704,5.45,USD,1,,
1705,4.85,USD,1,,
1706,3.40,USD,1,,
1707,3.00,USD,1,,
1708,2.75,USD,1,,
1709,2.35,USD,1,,
1710,2.25,USD,1,,
1711,2.15,USD,1,,
1712,2.15,USD,1,,
1713,2.15,USD,1,,
1714,2.15,USD,1,,
1715,2.15,USD,1,,
1716,2.15,USD,1,,
1717,2.40,USD,1,,
1718,2.95,USD,1,,
1719,3.40,USD,1,,
1720,3.80,USD,1,,
1721,4.10,USD,1,,
1722,4.65,USD,1,,
1723,5.05,USD,1,,
1724,3.80,USD,1,,
1725,5.00,USD,1,,
1726,5.45,USD,1,,
1727,4.90,USD,1,,
1728,4.60,USD,1,,
1729,4.65,USD,1,,
1730,4.25,USD,1,,
1731,4.05,USD,1,,
1732,3.65,USD,1,,
1733,2.95,USD,1,,
1734,2.15,USD,1,,
1735,6.40,USD,1,,
1736,3.55,USD,1,,
1737,3.55,USD,1,,
1738,3.55,USD,1,,
1739,3.55,USD,1,,
1740,3.85,USD,1,,
1741,3.95,USD,1,,
1742,4.20,USD,1,,
1743,4.40,USD,1,,
1744,4.60,USD,1,,
1745,9.15,USD,1,,
1746,5.50,USD,1,,
1747,6.35,USD,1,,
1748,6.60,USD,1,,
1749,5.65,USD,1,,
1750,6.35,USD,1,,
1751,4.35,USD,1,,
1752,4.80,USD,1,,
1753,10.00,USD,1,,
1754,5.20,USD,1,,
1755,6.65,USD,1,,
1756,5.20,USD,1,,
1757,5.00,USD,1,,
1758,4.80,USD,1,,
1759,4.60,USD,1,,
1760,4.50,USD,1,,
1761,4.30,USD,1,,
1762,4.05,USD,1,,
1763,3.85,USD,1,,
1764,3.85,USD,1,,
1765,3.85,USD,1,,
1766,4.30,USD,1,,
1767,4.65,USD,1,,
1768,5.05,USD,1,,
1769,5.30,USD,1,,
1770,5.60,USD,1,,
1771,5.95,USD,1,,
1772,6.50,USD,1,,
1773,6.85,USD,1,,
1774,5.60,USD,1,,
1775,6.85,USD,1,,
1776,7.30,USD,1,,
1777,6.70,USD,1,,
1778,4.05,USD,1,,
1779,6.50,USD,1,,
1780,6.05,USD,1,,
1781,5.85,USD,1,,
1782,5.50,USD,1,,
1783,5.05,USD,1,,
1784,4.30,USD,1,,
1785,3.55,USD,1,,
1786,6.40,USD,1,,
1787,2.15,USD,1,,
1788,2.15,USD,1,,
1789,2.15,USD,1,,
1790,2.15,USD,1,,
1791,2.15,USD,1,,
1792,2.15,USD,1,,
1793,2.15,USD,1,,
1794,3.65,USD,1,,
1795,11.40,USD,1,,
1796,7.35,USD,1,,
1797,8.15,USD,1,,
1798,8.40,USD,1,,
1799,7.45,USD,1,,
1800,8.20,USD,1,,
1801,4.35,USD,1,,
1802,4.80,USD,1,,
1803,10.00,USD,1,,
1804,5.20,USD,1,,
1805,6.65,USD,1,,
1806,5.20,USD,1,,
1807,5.00,USD,1,,
1808,4.80,USD,1,,
1809,4.60,USD,1,,
1810,4.50,USD,1,,
1811,4.30,USD,1,,
1812,4.05,USD,1,,
1813,3.85,USD,1,,
1814,3.85,USD,1,,
1815,3.85,USD,1,,
1816,4.30,USD,1,,
1817,4.65,USD,1,,
1818,5.05,USD,1,,
1819,5.30,USD,1,,
1820,5.60,USD,1,,
1821,5.95,USD,1,,
1822,6.50,USD,1,,
1823,6.85,USD,1,,
1824,5.60,USD,1,,
1825,6.85,USD,1,,
1826,7.30,USD,1,,
1827,6.70,USD,1,,
1828,4.05,USD,1,,
1829,6.50,USD,1,,
1830,6.05,USD,1,,
1831,5.85,USD,1,,
1832,5.50,USD,1,,
1833,5.05,USD,1,,
1834,4.30,USD,1,,
1835,3.55,USD,1,,
1836,2.15,USD,1,,
1837,6.40,USD,1,,
1838,2.15,USD,1,,
1839,2.15,USD,1,,
1840,2.15,USD,1,,
1841,2.15,USD,1,,
1842,2.15,USD,1,,
1843,2.15,USD,1,,
1844,3.65,USD,1,,
1845,11.40,USD,1,,
1846,7.35,USD,1,,
1847,8.15,USD,1,,
1848,8.40,USD,1,,
1849,7.45,USD,1,,
1850,8.20,USD,1,,
1851,4.35,USD,1,,
1852,4.80,USD,1,,
1853,10.00,USD,1,,
1854,5.20,USD,1,,
1855,6.65,USD,1,,
1856,5.20,USD,1,,
1857,5.00,USD,1,,
1858,4.80,USD,1,,
1859,4.60,USD,1,,
1860,4.50,USD,1,,
1861,4.30,USD,1,,
1862,4.05,USD,1,,
1863,3.85,USD,1,,
1864,3.85,USD,1,,
1865,3.85,USD,1,,
1866,4.30,USD,1,,
1867,4.65,USD,1,,
1868,5.05,USD,1,,
1869,5.30,USD,1,,
1870,5.60,USD,1,,
1871,5.95,USD,1,,
1872,6.50,USD,1,,
1873,6.85,USD,1,,
1874,5.60,USD,1,,
1875,6.85,USD,1,,
1876,7.30,USD,1,,
1877,6.70,USD,1,,
1878,4.05,USD,1,,
1879,6.50,USD,1,,
1880,6.05,USD,1,,
1881,5.85,USD,1,,
1882,5.50,USD,1,,
1883,5.05,USD,1,,
1884,4.30,USD,1,,
1885,3.55,USD,1,,
1886,2.15,USD,1,,
1887,2.15,USD,1,,
1888,6.40,USD,1,,
1889,2.15,USD,1,,
1890,2.15,USD,1,,
1891,2.15,USD,1,,
1892,2.15,USD,1,,
1893,2.15,USD,1,,
1894,3.65,USD,1,,
1895,11.40,USD,1,,
1896,7.35,USD,1,,
1897,8.15,USD,1,,
1898,8.40,USD,1,,
1899,7.45,USD,1,,
1900,8.20,USD,1,,
1901,4.35,USD,1,,
1902,4.80,USD,1,,
1903,10.00,USD,1,,
1904,5.20,USD,1,,
1905,6.65,USD,1,,
1906,5.20,USD,1,,
1907,5.00,USD,1,,
1908,4.80,USD,1,,
1909,4.60,USD,1,,
1910,4.50,USD,1,,
1911,4.30,USD,1,,
1912,4.05,USD,1,,
1913,3.85,USD,1,,
1914,3.85,USD,1,,
1915,3.85,USD,1,,
1916,4.30,USD,1,,
1917,4.65,USD,1,,
1918,5.05,USD,1,,
1919,5.30,USD,1,,
1920,5.60,USD,1,,
1921,5.95,USD,1,,
1922,6.50,USD,1,,
1923,6.85,USD,1,,
1924,5.60,USD,1,,
1925,6.85,USD,1,,
1926,7.30,USD,1,,
1927,6.70,USD,1,,
1928,4.05,USD,1,,
1929,6.50,USD,1,,
1930,6.05,USD,1,,
1931,5.85,USD,1,,
1932,5.50,USD,1,,
1933,5.05,USD,1,,
1934,4.30,USD,1,,
1935,3.55,USD,1,,
1936,2.15,USD,1,,
1937,2.15,USD,1,,
1938,2.15,USD,1,,
1939,6.40,USD,1,,
1940,2.15,USD,1,,
1941,2.15,USD,1,,
1942,2.15,USD,1,,
1943,2.15,USD,1,,
1944,3.65,USD,1,,
1945,11.40,USD,1,,
1946,7.35,USD,1,,
1947,8.15,USD,1,,
1948,8.40,USD,1,,
1949,7.45,USD,1,,
1950,8.20,USD,1,,
1951,4.15,USD,1,,
1952,4.60,USD,1,,
1953,9.90,USD,1,,
1954,5.15,USD,1,,
1955,6.75,USD,1,,
1956,5.30,USD,1,,
1957,5.05,USD,1,,
1958,4.90,USD,1,,
1959,4.65,USD,1,,
1960,4.60,USD,1,,
1961,4.50,USD,1,,
1962,4.25,USD,1,,
1963,4.05,USD,1,,
1964,4.05,USD,1,,
1965,4.05,USD,1,,
1966,4.50,USD,1,,
1967,4.80,USD,1,,
1968,5.15,USD,1,,
1969,5.40,USD,1,,
1970,5.70,USD,1,,
1971,6.00,USD,1,,
1972,6.55,USD,1,,
1973,6.95,USD,1,,
1974,5.70,USD,1,,
1975,6.90,USD,1,,
1976,7.40,USD,1,,
1977,6.80,USD,1,,
1978,3.85,USD,1,,
1979,6.60,USD,1,,
1980,6.10,USD,1,,
1981,5.95,USD,1,,
1982,5.55,USD,1,,
1983,5.15,USD,1,,
1984,4.50,USD,1,,
1985,3.85,USD,1,,
1986,2.15,USD,1,,
1987,2.15,USD,1,,
1988,2.15,USD,1,,
1989,2.15,USD,1,,
1990,6.40,USD,1,,
1991,2.15,USD,1,,
1992,2.15,USD,1,,
1993,2.15,USD,1,,
1994,3.40,USD,1,,
1995,11.50,USD,1,,
1996,7.40,USD,1,,
1997,8.20,USD,1,,
1998,8.50,USD,1,,
1999,7.55,USD,1,,
2000,8.25,USD,1,,
2001,4.05,USD,1,,
2002,4.50,USD,1,,
2003,9.80,USD,1,,
2004,5.05,USD,1,,
2005,6.80,USD,1,,
2006,5.35,USD,1,,
2007,5.10,USD,1,,
2008,4.95,USD,1,,
2009,4.75,USD,1,,
2010,4.65,USD,1,,
2011,4.55,USD,1,,
2012,4.35,USD,1,,
2013,4.15,USD,1,,
2014,4.15,USD,1,,
2015,4.15,USD,1,,
2016,4.65,USD,1,,
2017,4.85,USD,1,,
2018,5.15,USD,1,,
2019,5.45,USD,1,,
2020,5.75,USD,1,,
2021,6.10,USD,1,,
2022,6.60,USD,1,,
2023,7.00,USD,1,,
2024,5.75,USD,1,,
2025,7.00,USD,1,,
2026,7.45,USD,1,,
2027,6.85,USD,1,,
2028,3.70,USD,1,,
2029,6.65,USD,1,,
2030,6.20,USD,1,,
2031,6.00,USD,1,,
2032,5.60,USD,1,,
2033,5.20,USD,1,,
2034,4.60,USD,1,,
2035,3.95,USD,1,,
2036,2.15,USD,1,,
2037,2.15,USD,1,,
2038,2.15,USD,1,,
2039,2.15,USD,1,,
2040,2.15,USD,1,,
2041,6.40,USD,1,,
2042,2.15,USD,1,,
2043,2.15,USD,1,,
2044,3.40,USD,1,,
2045,11.55,USD,1,,
2046,7.50,USD,1,,
2047,8.30,USD,1,,
2048,8.55,USD,1,,
2049,7.60,USD,1,,
2050,8.30,USD,1,,
2051,3.80,USD,1,,
2052,4.20,USD,1,,
2053,9.55,USD,1,,
2054,4.80,USD,1,,
2055,6.95,USD,1,,
2056,5.50,USD,1,,
2057,5.30,USD,1,,
2058,5.10,USD,1,,
2059,4.90,USD,1,,
2060,4.85,USD,1,,
2061,4.75,USD,1,,
2062,4.60,USD,1,,
2063,4.40,USD,1,,
2064,4.40,USD,1,,
2065,4.40,USD,1,,
2066,4.80,USD,1,,
2067,5.00,USD,1,,
2068,5.35,USD,1,,
2069,5.60,USD,1,,
2070,5.90,USD,1,,
2071,6.25,USD,1,,
2072,6.80,USD,1,,
2073,7.15,USD,1,,
2074,5.90,USD,1,,
2075,7.15,USD,1,,
2076,7.60,USD,1,,
2077,7.05,USD,1,,
2078,3.60,USD,1,,
2079,6.80,USD,1,,
2080,6.35,USD,1,,
2081,6.15,USD,1,,
2082,5.80,USD,1,,
2083,5.35,USD,1,,
2084,4.75,USD,1,,
2085,4.20,USD,1,,
2086,2.15,USD,1,,
2087,2.15,USD,1,,
2088,2.15,USD,1,,
2089,2.15,USD,1,,
2090,2.15,USD,1,,
2091,2.15,USD,1,,
2092,6.40,USD,1,,
2093,2.15,USD,1,,
2094,3.40,USD,1,,
2095,11.70,USD,1,,
2096,7.65,USD,1,,
2097,8.45,USD,1,,
2098,8.75,USD,1,,
2099,7.80,USD,1,,
2100,8.50,USD,1,,
2101,3.60,USD,1,,
2102,4.05,USD,1,,
2103,9.40,USD,1,,
2104,4.65,USD,1,,
2105,7.05,USD,1,,
2106,5.60,USD,1,,
2107,5.35,USD,1,,
2108,5.20,USD,1,,
2109,4.95,USD,1,,
2110,4.90,USD,1,,
2111,4.80,USD,1,,
2112,4.65,USD,1,,
2113,4.55,USD,1,,
2114,4.55,USD,1,,
2115,4.55,USD,1,,
2116,4.85,USD,1,,
2117,5.10,USD,1,,
2118,5.45,USD,1,,
2119,5.70,USD,1,,
2120,6.00,USD,1,,
2121,6.30,USD,1,,
2122,6.85,USD,1,,
2123,7.25,USD,1,,
2124,6.00,USD,1,,
2125,7.20,USD,1,,
2126,7.70,USD,1,,
2127,7.10,USD,1,,
2128,3.60,USD,1,,
2129,6.90,USD,1,,
2130,6.40,USD,1,,
2131,6.25,USD,1,,
2132,5.85,USD,1,,
2133,5.45,USD,1,,
2134,4.80,USD,1,,
2135,4.40,USD,1,,
2136,2.15,USD,1,,
2137,2.15,USD,1,,
2138,2.15,USD,1,,
2139,2.15,USD,1,,
2140,2.15,USD,1,,
2141,2.15,USD,1,,
2142,2.15,USD,1,,
2143,6.40,USD,1,,
2144,3.40,USD,1,,
2145,11.80,USD,1,,
2146,7.70,USD,1,,
2147,8.50,USD,1,,
2148,8.80,USD,1,,
2149,7.85,USD,1,,
2150,8.55,USD,1,,
2151,3.60,USD,1,,
2152,3.60,USD,1,,
2153,9.15,USD,1,,
2154,4.40,USD,1,,
2155,7.20,USD,1,,
2156,5.75,USD,1,,
2157,5.50,USD,1,,
2158,5.30,USD,1,,
2159,5.10,USD,1,,
2160,5.05,USD,1,,
2161,4.95,USD,1,,
2162,4.80,USD,1,,
2163,4.70,USD,1,,
2164,4.70,USD,1,,
2165,4.70,USD,1,,
2166,5.00,USD,1,,
2167,5.25,USD,1,,
2168,5.55,USD,1,,
2169,5.80,USD,1,,
2170,6.15,USD,1,,
2171,6.45,USD,1,,
2172,7.00,USD,1,,
2173,7.40,USD,1,,
2174,6.15,USD,1,,
2175,7.35,USD,1,,
2176,7.80,USD,1,,
2177,7.25,USD,1,,
2178,3.60,USD,1,,
2179,7.00,USD,1,,
2180,6.55,USD,1,,
2181,6.40,USD,1,,
2182,6.00,USD,1,,
2183,5.60,USD,1,,
2184,4.95,USD,1,,
2185,4.60,USD,1,,
2186,3.65,USD,1,,
2187,3.65,USD,1,,
2188,3.65,USD,1,,
2189,3.65,USD,1,,
2190,3.40,USD,1,,
2191,3.40,USD,1,,
2192,3.40,USD,1,,
2193,3.40,USD,1,,
2194,6.40,USD,1,,
2195,11.95,USD,1,,
2196,7.85,USD,1,,
2197,8.65,USD,1,,
2198,8.95,USD,1,,
2199,8.00,USD,1,,
2200,8.70,USD,1,,
2201,12.10,USD,1,,
2202,12.40,USD,1,,
2203,17.60,USD,1,,
2204,12.80,USD,1,,
2205,10.95,USD,1,,
2206,10.50,USD,1,,
2207,10.30,USD,1,,
2208,10.10,USD,1,,
2209,9.75,USD,1,,
2210,9.60,USD,1,,
2211,9.45,USD,1,,
2212,9.20,USD,1,,
2213,8.85,USD,1,,
2214,8.85,USD,1,,
2215,8.85,USD,1,,
2216,8.85,USD,1,,
2217,6.70,USD,1,,
2218,8.85,USD,1,,
2219,8.85,USD,1,,
2220,9.55,USD,1,,
2221,10.05,USD,1,,
2222,10.75,USD,1,,
2223,11.15,USD,1,,
2224,9.55,USD,1,,
2225,11.10,USD,1,,
2226,12.40,USD,1,,
2227,11.85,USD,1,,
2228,11.90,USD,1,,
2229,11.60,USD,1,,
2230,11.15,USD,1,,
2231,11.00,USD,1,,
2232,10.60,USD,1,,
2233,10.15,USD,1,,
2234,9.25,USD,1,,
2235,9.15,USD,1,,
2236,11.40,USD,1,,
2237,11.40,USD,1,,
2238,11.40,USD,1,,
2239,11.40,USD,1,,
2240,11.50,USD,1,,
2241,11.55,USD,1,,
2242,11.70,USD,1,,
2243,11.80,USD,1,,
2244,11.95,USD,1,,
2245,6.40,USD,1,,
2246,11.60,USD,1,,
2247,12.40,USD,1,,
2248,12.70,USD,1,,
2249,12.60,USD,1,,
2250,13.30,USD,1,,
2251,8.05,USD,1,,
2252,8.35,USD,1,,
2253,13.50,USD,1,,
2254,8.70,USD,1,,
2255,5.70,USD,1,,
2256,6.45,USD,1,,
2257,6.20,USD,1,,
2258,6.00,USD,1,,
2259,5.80,USD,1,,
2260,5.75,USD,1,,
2261,5.65,USD,1,,
2262,5.50,USD,1,,
2263,5.40,USD,1,,
2264,5.40,USD,1,,
2265,5.40,USD,1,,
2266,5.15,USD,1,,
2267,4.90,USD,1,,
2268,4.60,USD,1,,
2269,4.30,USD,1,,
2270,4.00,USD,1,,
2271,2.15,USD,1,,
2272,2.15,USD,1,,
2273,2.15,USD,1,,
2274,4.65,USD,1,,
2275,5.85,USD,1,,
2276,8.35,USD,1,,
2277,7.75,USD,1,,
2278,7.85,USD,1,,
2279,7.55,USD,1,,
2280,7.10,USD,1,,
2281,6.90,USD,1,,
2282,6.50,USD,1,,
2283,6.10,USD,1,,
2284,5.50,USD,1,,
2285,5.50,USD,1,,
2286,7.35,USD,1,,
2287,7.35,USD,1,,
2288,7.35,USD,1,,
2289,7.35,USD,1,,
2290,7.40,USD,1,,
2291,7.50,USD,1,,
2292,7.65,USD,1,,
2293,7.70,USD,1,,
2294,7.85,USD,1,,
2295,11.60,USD,1,,
2296,6.40,USD,1,,
2297,2.65,USD,1,,
2298,3.10,USD,1,,
2299,8.50,USD,1,,
2300,9.20,USD,1,,
2301,8.85,USD,1,,
2302,9.15,USD,1,,
2303,14.30,USD,1,,
2304,9.50,USD,1,,
2305,6.50,USD,1,,
2306,7.25,USD,1,,
2307,7.00,USD,1,,
2308,6.80,USD,1,,
2309,6.60,USD,1,,
2310,6.55,USD,1,,
2311,6.45,USD,1,,
2312,6.30,USD,1,,
2313,6.20,USD,1,,
2314,6.20,USD,1,,
2315,6.20,USD,1,,
2316,5.95,USD,1,,
2317,5.70,USD,1,,
2318,5.40,USD,1,,
2319,5.15,USD,1,,
2320,4.80,USD,1,,
2321,4.50,USD,1,,
2322,3.95,USD,1,,
2323,3.40,USD,1,,
2324,5.45,USD,1,,
2325,6.65,USD,1,,
2326,9.15,USD,1,,
2327,8.55,USD,1,,
2328,8.65,USD,1,,
2329,8.35,USD,1,,
2330,7.90,USD,1,,
2331,7.70,USD,1,,
2332,7.30,USD,1,,
2333,6.90,USD,1,,
2334,6.30,USD,1,,
2335,6.35,USD,1,,
2336,8.15,USD,1,,
2337,8.15,USD,1,,
2338,8.15,USD,1,,
2339,8.15,USD,1,,
2340,8.20,USD,1,,
2341,8.30,USD,1,,
2342,8.45,USD,1,,
2343,8.50,USD,1,,
2344,8.65,USD,1,,
2345,12.40,USD,1,,
2346,2.65,USD,1,,
2347,6.40,USD,1,,
2348,2.15,USD,1,,
2349,9.30,USD,1,,
2350,10.00,USD,1,,
2351,9.10,USD,1,,
2352,9.40,USD,1,,
2353,14.60,USD,1,,
2354,9.80,USD,1,,
2355,6.75,USD,1,,
2356,7.50,USD,1,,
2357,7.30,USD,1,,
2358,7.10,USD,1,,
2359,6.90,USD,1,,
2360,6.85,USD,1,,
2361,6.75,USD,1,,
2362,6.60,USD,1,,
2363,6.50,USD,1,,
2364,6.50,USD,1,,
2365,6.50,USD,1,,
2366,6.20,USD,1,,
2367,6.00,USD,1,,
2368,5.65,USD,1,,
2369,5.40,USD,1,,
2370,5.10,USD,1,,
2371,4.75,USD,1,,
2372,4.20,USD,1,,
2373,3.85,USD,1,,
2374,5.70,USD,1,,
2375,6.95,USD,1,,
2376,9.40,USD,1,,
2377,8.85,USD,1,,
2378,8.90,USD,1,,
2379,8.60,USD,1,,
2380,8.15,USD,1,,
2381,8.00,USD,1,,
2382,7.60,USD,1,,
2383,7.15,USD,1,,
2384,6.60,USD,1,,
2385,6.60,USD,1,,
2386,8.40,USD,1,,
2387,8.40,USD,1,,
2388,8.40,USD,1,,
2389,8.40,USD,1,,
2390,8.50,USD,1,,
2391,8.55,USD,1,,
2392,8.75,USD,1,,
2393,8.80,USD,1,,
2394,8.95,USD,1,,
2395,12.70,USD,1,,
2396,3.10,USD,1,,
2397,2.15,USD,1,,
2398,6.40,USD,1,,
2399,9.60,USD,1,,
2400,10.30,USD,1,,
2401,8.20,USD,1,,
2402,8.45,USD,1,,
2403,13.65,USD,1,,
2404,8.85,USD,1,,
2405,7.80,USD,1,,
2406,6.15,USD,1,,
2407,5.95,USD,1,,
2408,5.75,USD,1,,
2409,5.55,USD,1,,
2410,5.50,USD,1,,
2411,5.45,USD,1,,
2412,5.45,USD,1,,
2413,5.50,USD,1,,
2414,5.50,USD,1,,
2415,5.50,USD,1,,
2416,5.65,USD,1,,
2417,5.90,USD,1,,
2418,6.20,USD,1,,
2419,6.45,USD,1,,
2420,6.75,USD,1,,
2421,7.10,USD,1,,
2422,7.65,USD,1,,
2423,8.05,USD,1,,
2424,6.80,USD,1,,
2425,8.00,USD,1,,
2426,2.15,USD,1,,
2427,2.15,USD,1,,
2428,7.95,USD,1,,
2429,2.15,USD,1,,
2430,3.70,USD,1,,
2431,3.90,USD,1,,
2432,4.30,USD,1,,
2433,4.70,USD,1,,
2434,5.30,USD,1,,
2435,5.65,USD,1,,
2436,7.45,USD,1,,
2437,7.45,USD,1,,
2438,7.45,USD,1,,
2439,7.45,USD,1,,
2440,7.55,USD,1,,
2441,7.60,USD,1,,
2442,7.80,USD,1,,
2443,7.85,USD,1,,
2444,8.00,USD,1,,
2445,12.60,USD,1,,
2446,8.50,USD,1,,
2447,9.30,USD,1,,
2448,9.60,USD,1,,
2449,6.40,USD,1,,
2450,2.15,USD,1,,
2451,8.90,USD,1,,
2452,9.15,USD,1,,
2453,14.35,USD,1,,
2454,9.55,USD,1,,
2455,8.55,USD,1,,
2456,6.90,USD,1,,
2457,6.65,USD,1,,
2458,6.50,USD,1,,
2459,6.25,USD,1,,
2460,6.20,USD,1,,
2461,6.15,USD,1,,
2462,6.15,USD,1,,
2463,6.20,USD,1,,
2464,6.20,USD,1,,
2465,6.20,USD,1,,
2466,6.35,USD,1,,
2467,6.60,USD,1,,
2468,6.90,USD,1,,
2469,7.15,USD,1,,
2470,7.45,USD,1,,
2471,7.80,USD,1,,
2472,8.35,USD,1,,
2473,8.75,USD,1,,
2474,7.50,USD,1,,
2475,8.70,USD,1,,
2476,2.15,USD,1,,
2477,3.75,USD,1,,
2478,8.70,USD,1,,
2479,3.95,USD,1,,
2480,4.40,USD,1,,
2481,4.60,USD,1,,
2482,5.00,USD,1,,
2483,5.40,USD,1,,
2484,6.00,USD,1,,
2485,6.35,USD,1,,
2486,8.20,USD,1,,
2487,8.20,USD,1,,
2488,8.20,USD,1,,
2489,8.20,USD,1,,
2490,8.25,USD,1,,
2491,8.30,USD,1,,
2492,8.50,USD,1,,
2493,8.55,USD,1,,
2494,8.70,USD,1,,
2495,13.30,USD,1,,
2496,9.20,USD,1,,
2497,10.00,USD,1,,
2498,10.30,USD,1,,
2499,2.15,USD,1,,
2500,6.40,USD,1,,