fare_id,rider_category_id,price
1,5,3.20
2,5,1.80
3,5,4.25
4,5,1.80
5,5,3.65
6,5,2.95
7,5,2.85
8,5,2.75
9,5,2.65
10,5,2.60
11,5,2.55
12,5,2.50
13,5,2.45
14,5,2.45
15,5,2.45
16,5,2.60
17,5,2.70
18,5,2.85
19,5,3.00
20,5,3.15
21,5,3.30
22,5,3.60
23,5,3.75
24,5,3.15
25,5,3.75
26,5,4.00
27,5,3.70
28,5,1.80
29,5,3.60
30,5,3.35
31,5,3.30
32,5,3.10
33,5,2.85
34,5,2.55
35,5,2.40
36,5,2.15
37,5,2.15
38,5,2.15
39,5,2.15
40,5,2.05
41,5,2.00
42,5,1.90
43,5,1.80
44,5,1.80
45,5,6.05
46,5,4.00
47,5,4.40
48,5,4.55
49,5,4.10
50,5,4.45
51,5,1.80
52,5,3.20
53,5,4.25
54,5,1.80
55,5,3.80
56,5,3.10
57,5,2.95
58,5,2.90
59,5,2.80
60,5,2.75
61,5,2.70
62,5,2.65
63,5,2.60
64,5,2.60
65,5,2.60
66,5,2.75
67,5,2.85
68,5,3.00
69,5,3.15
70,5,3.30
71,5,3.45
72,5,3.75
73,5,3.90
74,5,3.30
75,5,3.90
76,5,4.15
77,5,3.85
78,5,1.80
79,5,3.75
80,5,3.50
81,5,3.40
82,5,3.20
83,5,3.00
84,5,2.70
85,5,2.55
86,5,2.40
87,5,2.40
88,5,2.40
89,5,2.40
90,5,2.30
91,5,2.25
92,5,2.10
93,5,2.00
94,5,1.80
95,5,6.20
96,5,4.15
97,5,4.55
98,5,4.70
99,5,4.20
100,5,4.55
101,5,4.25
102,5,4.25
103,5,3.20
104,5,2.45
105,5,6.40
106,5,5.65
107,5,5.55
108,5,5.45
109,5,5.35
110,5,5.35
111,5,5.30
112,5,5.20
113,5,5.15
114,5,5.15
115,5,5.15
116,5,5.30
117,5,5.40
118,5,5.60
119,5,5.70
120,5,5.85
121,5,6.05
122,5,6.30
123,5,6.50
124,5,5.85
125,5,6.50
126,5,6.70
127,5,6.45
128,5,4.45
129,5,6.30
130,5,6.10
131,5,6.00
132,5,5.80
133,5,5.60
134,5,5.30
135,5,5.10
136,5,5.00
137,5,5.00
138,5,5.00
139,5,5.00
140,5,4.95
141,5,4.90
142,5,4.75
143,5,4.70
144,5,4.55
145,5,8.80
146,5,6.75
147,5,7.15
148,5,7.30
149,5,6.80
150,5,7.15
151,5,1.80
152,5,1.80
153,5,2.45
154,5,3.20
155,5,4.00
156,5,3.30
157,5,3.15
158,5,3.05
159,5,2.95
160,5,2.95
161,5,2.90
162,5,2.80
163,5,2.75
164,5,2.75
165,5,2.75
166,5,2.90
167,5,3.00
168,5,3.20
169,5,3.30
170,5,3.50
171,5,3.65
172,5,3.90
173,5,4.10
174,5,3.45
175,5,4.10
176,5,4.30
177,5,4.05
178,5,2.05
179,5,3.90
180,5,3.70
181,5,3.60
182,5,3.40
183,5,3.20
184,5,2.90
185,5,2.70
186,5,2.60
187,5,2.60
188,5,2.60
189,5,2.60
190,5,2.55
191,5,2.50
192,5,2.40
193,5,2.30
194,5,2.20
195,5,6.40
196,5,4.35
197,5,4.75
198,5,4.90
199,5,4.40
200,5,4.75
201,5,3.65
202,5,3.80
203,5,6.40
204,5,4.00
205,5,3.20
206,5,2.85
207,5,2.75
208,5,2.65
209,5,2.55
210,5,2.50
211,5,2.50
212,5,2.40
213,5,2.35
214,5,2.35
215,5,2.35
216,5,2.20
217,5,2.10
218,5,1.95
219,5,1.05
220,5,1.95
221,5,2.15
222,5,2.40
223,5,2.60
224,5,1.05
225,5,1.05
226,5,3.80
227,5,3.50
228,5,3.55
229,5,3.40
230,5,3.20
231,5,3.10
232,5,2.90
233,5,2.70
234,5,2.40
235,5,2.40
236,5,3.30
237,5,3.30
238,5,3.30
239,5,3.30
240,5,3.35
241,5,3.40
242,5,3.45
243,5,3.50
244,5,3.60
245,5,5.45
246,5,2.85
247,5,3.25
248,5,3.35
249,5,3.90
250,5,4.25
251,5,2.95
252,5,3.10
253,5,5.65
254,5,3.30
255,5,2.85
256,5,3.20
257,5,1.05
258,5,1.05
259,5,1.05
260,5,1.05
261,5,1.05
262,5,1.50
263,5,1.60
264,5,1.60
265,5,1.60
266,5,1.75
267,5,1.90
268,5,2.05
269,5,2.20
270,5,2.35
271,5,2.50
272,5,2.80
273,5,2.95
274,5,2.35
275,5,2.95
276,5,3.00
277,5,2.70
278,5,2.85
279,5,2.60
280,5,2.35
281,5,2.25
282,5,2.10
283,5,1.85
284,5,1.50
285,5,1.70
286,5,2.60
287,5,2.60
288,5,2.60
289,5,2.60
290,5,2.65
291,5,2.65
292,5,2.75
293,5,2.80
294,5,2.85
295,5,5.25
296,5,3.20
297,5,3.60
298,5,3.75
299,5,3.05
300,5,3.45
301,5,2.85
302,5,2.95
303,5,5.55
304,5,3.15
305,5,2.75
306,5,1.05
307,5,3.20
308,5,1.05
309,5,1.05
310,5,1.05
311,5,1.05
312,5,1.30
313,5,1.40
314,5,1.40
315,5,1.40
316,5,1.65
317,5,1.75
318,5,1.95
319,5,2.05
320,5,2.20
321,5,2.40
322,5,2.65
323,5,2.85
324,5,2.20
325,5,2.85
326,5,2.85
327,5,2.60
328,5,2.70
329,5,2.50
330,5,2.25
331,5,2.15
332,5,1.95
333,5,1.75
334,5,1.30
335,5,1.50
336,5,2.50
337,5,2.50
338,5,2.50
339,5,2.50
340,5,2.50
341,5,2.55
342,5,2.65
343,5,2.65
344,5,2.75
345,5,5.15
346,5,3.10
347,5,3.50
348,5,3.65
349,5,2.95
350,5,3.30
351,5,2.75
352,5,2.90
353,5,5.45
354,5,3.05
355,5,2.65
356,5,1.05
357,5,1.05
358,5,3.20
359,5,1.05
360,5,1.05
361,5,1.05
362,5,1.15
363,5,1.25
364,5,1.25
365,5,1.25
366,5,1.50
367,5,1.70
368,5,1.85
369,5,1.95
370,5,2.15
371,5,2.30
372,5,2.55
373,5,2.75
374,5,2.15
375,5,2.75
376,5,2.80
377,5,2.50
378,5,2.65
379,5,2.40
380,5,2.15
381,5,2.05
382,5,1.85
383,5,1.60
384,5,1.15
385,5,1.35
386,5,2.40
387,5,2.40
388,5,2.40
389,5,2.40
390,5,2.45
391,5,2.45
392,5,2.55
393,5,2.60
394,5,2.65
395,5,5.05
396,5,3.00
397,5,3.40
398,5,3.55
399,5,2.85
400,5,3.25
401,5,2.65
402,5,2.80
403,5,5.35
404,5,2.95
405,5,2.55
406,5,1.05
407,5,1.05
408,5,1.05
409,5,3.20
410,5,1.05
411,5,1.05
412,5,1.05
413,5,1.05
414,5,1.05
415,5,1.05
416,5,1.35
417,5,1.50
418,5,1.75
419,5,1.85
420,5,2.05
421,5,2.20
422,5,2.45
423,5,2.65
424,5,2.05
425,5,2.65
426,5,2.70
427,5,2.40
428,5,2.55
429,5,2.30
430,5,2.05
431,5,1.95
432,5,1.75
433,5,1.45
434,5,1.05
435,5,1.15
436,5,2.30
437,5,2.30
438,5,2.30
439,5,2.30
440,5,2.30
441,5,2.35
442,5,2.45
443,5,2.45
444,5,2.55
445,5,4.85
446,5,2.90
447,5,3.30
448,5,3.45
449,5,2.75
450,5,3.10
451,5,2.60
452,5,2.75
453,5,5.35
454,5,2.95
455,5,2.50
456,5,1.05
457,5,1.05
458,5,1.05
459,5,1.05
460,5,3.20
461,5,1.05
462,5,1.05
463,5,1.05
464,5,1.05
465,5,1.05
466,5,1.25
467,5,1.45
468,5,1.70
469,5,1.85
470,5,2.00
471,5,2.15
472,5,2.45
473,5,2.65
474,5,2.00
475,5,2.60
476,5,2.65
477,5,2.35
478,5,2.50
479,5,2.25
480,5,2.00
481,5,1.95
482,5,1.70
483,5,1.35
484,5,1.05
485,5,1.10
486,5,2.25
487,5,2.25
488,5,2.25
489,5,2.25
490,5,2.30
491,5,2.30
492,5,2.40
493,5,2.45
494,5,2.50
495,5,4.80
496,5,2.85
497,5,3.25
498,5,3.40
499,5,2.75
500,5,3.10
501,5,2.55
502,5,2.70
503,5,5.30
504,5,2.90
505,5,2.50
506,5,1.05
507,5,1.05
508,5,1.05
509,5,1.05
510,5,1.05
511,5,3.20
512,5,1.05
513,5,1.05
514,5,1.05
515,5,1.05
516,5,1.15
517,5,1.35
518,5,1.60
519,5,1.80
520,5,1.95
521,5,2.10
522,5,2.40
523,5,2.60
524,5,1.95
525,5,2.55
526,5,2.65
527,5,2.35
528,5,2.45
529,5,2.25
530,5,2.00
531,5,1.90
532,5,1.65
533,5,1.30
534,5,1.05
535,5,1.05
536,5,2.15
537,5,2.15
538,5,2.15
539,5,2.15
540,5,2.25
541,5,2.25
542,5,2.35
543,5,2.40
544,5,2.45
545,5,4.70
546,5,2.80
547,5,3.20
548,5,3.35
549,5,2.70
550,5,3.05
551,5,2.50
552,5,2.65
553,5,5.20
554,5,2.80
555,5,2.40
556,5,1.50
557,5,1.30
558,5,1.15
559,5,1.05
560,5,1.05
561,5,1.05
562,5,3.20
563,5,1.05
564,5,1.05
565,5,1.05
566,5,1.05
567,5,1.25
568,5,1.50
569,5,1.70
570,5,1.90
571,5,2.05
572,5,2.30
573,5,2.50
574,5,1.90
575,5,2.50
576,5,2.65
577,5,2.35
578,5,2.40
579,5,2.25
580,5,2.00
581,5,1.90
582,5,1.60
583,5,1.05
584,5,1.05
585,5,1.05
586,5,2.00
587,5,2.00
588,5,2.00
589,5,2.00
590,5,2.10
591,5,2.15
592,5,2.30
593,5,2.30
594,5,2.40
595,5,4.60
596,5,2.75
597,5,3.15
598,5,3.30
599,5,2.70
600,5,3.05
601,5,2.45
602,5,2.60
603,5,5.15
604,5,2.75
605,5,2.35
606,5,1.60
607,5,1.40
608,5,1.25
609,5,1.05
610,5,1.05
611,5,1.05
612,5,1.05
613,5,3.20
614,5,1.05
615,5,1.05
616,5,1.05
617,5,1.05
618,5,1.35
619,5,1.60
620,5,1.85
621,5,2.00
622,5,2.25
623,5,2.45
624,5,1.85
625,5,2.45
626,5,2.65
627,5,2.35
628,5,2.35
629,5,2.25
630,5,2.00
631,5,1.95
632,5,1.70
633,5,1.35
634,5,1.05
635,5,1.05
636,5,1.90
637,5,1.90
638,5,1.90
639,5,1.90
640,5,2.00
641,5,2.05
642,5,2.20
643,5,2.25
644,5,2.35
645,5,4.40
646,5,2.70
647,5,3.10
648,5,3.25
649,5,2.75
650,5,3.10
651,5,2.45
652,5,2.60
653,5,5.15
654,5,2.75
655,5,2.35
656,5,1.60
657,5,1.40
658,5,1.25
659,5,1.05
660,5,1.05
661,5,1.05
662,5,1.05
663,5,1.05
664,5,3.20
665,5,1.05
666,5,1.05
667,5,1.05
668,5,1.35
669,5,1.60
670,5,1.85
671,5,2.00
672,5,2.25
673,5,2.45
674,5,1.85
675,5,2.45
676,5,2.65
677,5,2.35
678,5,2.35
679,5,2.25
680,5,2.00
681,5,1.95
682,5,1.70
683,5,1.35
684,5,1.05
685,5,1.05
686,5,1.90
687,5,1.90
688,5,1.90
689,5,1.90
690,5,2.00
691,5,2.05
692,5,2.20
693,5,2.25
694,5,2.35
695,5,4.40
696,5,2.70
697,5,3.10
698,5,3.25
699,5,2.75
700,5,3.10
701,5,2.45
702,5,2.60
703,5,5.15
704,5,2.75
705,5,2.35
706,5,1.60
707,5,1.40
708,5,1.25
709,5,1.05
710,5,1.05
711,5,1.05
712,5,1.05
713,5,1.05
714,5,1.05
715,5,3.20
716,5,1.05
717,5,1.05
718,5,1.35
719,5,1.60
720,5,1.85
721,5,2.00
722,5,2.25
723,5,2.45
724,5,1.85
725,5,2.45
726,5,2.65
727,5,2.35
728,5,2.35
729,5,2.25
730,5,2.00
731,5,1.95
732,5,1.70
733,5,1.35
734,5,1.05
735,5,1.05
736,5,1.90
737,5,1.90
738,5,1.90
739,5,1.90
740,5,2.00
741,5,2.05
742,5,2.20
743,5,2.25
744,5,2.35
745,5,4.40
746,5,2.70
747,5,3.10
748,5,3.25
749,5,2.75
750,5,3.10
751,5,2.60
752,5,2.75
753,5,5.30
754,5,2.90
755,5,2.20
756,5,1.75
757,5,1.65
758,5,1.50
759,5,1.35
760,5,1.25
761,5,1.15
762,5,1.05
763,5,1.05
764,5,1.05
765,5,1.05
766,5,3.20
767,5,1.05
768,5,1.05
769,5,1.35
770,5,1.60
771,5,1.85
772,5,2.10
773,5,2.30
774,5,1.60
775,5,2.30
776,5,2.75
777,5,2.45
778,5,2.50
779,5,2.35
780,5,2.10
781,5,2.00
782,5,1.80
783,5,1.50
784,5,1.10
785,5,1.05
786,5,2.15
787,5,2.15
788,5,2.15
789,5,2.15
790,5,2.25
791,5,2.30
792,5,2.40
793,5,2.40
794,5,2.50
795,5,4.40
796,5,2.55
797,5,2.95
798,5,3.10
799,5,2.80
800,5,3.15
801,5,2.70
802,5,2.85
803,5,5.40
804,5,3.00
805,5,2.10
806,5,1.90
807,5,1.75
808,5,1.70
809,5,1.50
810,5,1.45
811,5,1.35
812,5,1.25
813,5,1.05
814,5,1.05
815,5,1.05
816,5,1.05
817,5,3.20
818,5,1.05
819,5,1.05
820,5,1.40
821,5,1.65
822,5,2.00
823,5,2.20
824,5,1.40
825,5,2.20
826,5,2.85
827,5,2.55
828,5,2.60
829,5,2.45
830,5,2.20
831,5,2.15
832,5,1.95
833,5,1.70
834,5,1.25
835,5,1.20
836,5,2.30
837,5,2.30
838,5,2.30
839,5,2.30
840,5,2.40
841,5,2.40
842,5,2.50
843,5,2.55
844,5,2.60
845,5,3.35
846,5,2.45
847,5,2.85
848,5,3.00
849,5,2.95
850,5,3.30
851,5,2.85
852,5,3.00
853,5,5.60
854,5,3.20
855,5,1.95
856,5,2.05
857,5,1.95
858,5,1.85
859,5,1.75
860,5,1.70
861,5,1.60
862,5,1.50
863,5,1.35
864,5,1.35
865,5,1.35
866,5,1.05
867,5,1.05
868,5,3.20
869,5,1.05
870,5,1.05
871,5,1.40
872,5,1.80
873,5,2.05
874,5,1.05
875,5,2.05
876,5,3.00
877,5,2.70
878,5,2.75
879,5,2.60
880,5,2.40
881,5,2.30
882,5,2.10
883,5,1.90
884,5,1.50
885,5,1.45
886,5,2.50
887,5,2.50
888,5,2.50
889,5,2.50
890,5,2.55
891,5,2.55
892,5,2.65
893,5,2.70
894,5,2.75
895,5,4.40
896,5,2.30
897,5,2.70
898,5,2.80
899,5,3.10
900,5,3.45
901,5,3.00
902,5,3.15
903,5,5.70
904,5,3.30
905,5,1.05
906,5,2.20
907,5,2.05
908,5,1.95
909,5,1.85
910,5,1.85
911,5,1.80
912,5,1.70
913,5,1.60
914,5,1.60
915,5,1.60
916,5,1.35
917,5,1.05
918,5,1.05
919,5,3.20
920,5,1.05
921,5,1.05
922,5,1.05
923,5,1.05
924,5,1.05
925,5,1.05
926,5,3.15
927,5,2.85
928,5,2.90
929,5,2.75
930,5,2.50
931,5,2.40
932,5,2.20
933,5,2.00
934,5,1.70
935,5,1.70
936,5,2.65
937,5,2.65
938,5,2.65
939,5,2.65
940,5,2.70
941,5,2.70
942,5,2.80
943,5,2.85
944,5,2.90
945,5,4.40
946,5,2.15
947,5,2.55
948,5,2.70
949,5,3.20
950,5,3.55
951,5,3.15
952,5,3.30
953,5,5.85
954,5,3.50
955,5,1.95
956,5,2.35
957,5,2.20
958,5,2.15
959,5,2.05
960,5,2.00
961,5,1.95
962,5,1.90
963,5,1.85
964,5,1.85
965,5,1.85
966,5,1.60
967,5,1.40
968,5,1.05
969,5,1.05
970,5,3.20
971,5,1.05
972,5,1.05
973,5,1.05
974,5,1.05
975,5,2.05
976,5,3.30
977,5,3.00
978,5,3.05
979,5,2.90
980,5,2.65
981,5,2.60
982,5,2.40
983,5,2.15
984,5,1.90
985,5,1.90
986,5,2.80
987,5,2.80
988,5,2.80
989,5,2.80
990,5,2.85
991,5,2.85
992,5,2.95
993,5,3.00
994,5,3.05
995,5,4.75
996,5,2.00
997,5,2.40
998,5,2.55
999,5,3.35
1000,5,3.70
1001,5,3.30
1002,5,3.45
1003,5,6.05
1004,5,3.65
1005,5,2.15
1006,5,2.50
1007,5,2.40
1008,5,2.30
1009,5,2.20
1010,5,2.15
1011,5,2.10
1012,5,2.05
1013,5,2.00
1014,5,2.00
1015,5,2.00
1016,5,1.85
1017,5,1.65
1018,5,1.40
1019,5,1.05
1020,5,1.05
1021,5,3.20
1022,5,1.05
1023,5,1.05
1024,5,1.45
1025,5,2.20
1026,5,3.45
1027,5,3.15
1028,5,3.20
1029,5,3.05
1030,5,2.80
1031,5,2.75
1032,5,2.55
1033,5,2.35
1034,5,2.05
1035,5,2.05
1036,5,2.95
1037,5,2.95
1038,5,2.95
1039,5,2.95
1040,5,3.00
1041,5,3.05
1042,5,3.10
1043,5,3.15
1044,5,3.20
1045,5,5.00
1046,5,1.05
1047,5,2.25
1048,5,2.35
1049,5,3.55
1050,5,3.90
1051,5,3.60
1052,5,3.75
1053,5,6.30
1054,5,3.90
1055,5,2.40
1056,5,2.80
1057,5,2.65
1058,5,2.55
1059,5,2.45
1060,5,2.45
1061,5,2.40
1062,5,2.30
1063,5,2.25
1064,5,2.25
1065,5,2.25
1066,5,2.10
1067,5,2.00
1068,5,1.80
1069,5,1.05
1070,5,1.05
1071,5,1.05
1072,5,3.20
1073,5,1.05
1074,5,1.85
1075,5,2.50
1076,5,3.70
1077,5,3.45
1078,5,3.50
1079,5,3.35
1080,5,3.10
1081,5,3.00
1082,5,2.80
1083,5,2.60
1084,5,2.30
1085,5,2.30
1086,5,3.25
1087,5,3.25
1088,5,3.25
1089,5,3.25
1090,5,3.25
1091,5,3.30
1092,5,3.40
1093,5,3.40
1094,5,3.50
1095,5,5.35
1096,5,1.05
1097,5,1.95
1098,5,2.10
1099,5,3.80
1100,5,4.15
1101,5,3.75
1102,5,3.90
1103,5,6.50
1104,5,4.10
1105,5,2.60
1106,5,2.95
1107,5,2.85
1108,5,2.75
1109,5,2.65
1110,5,2.65
1111,5,2.60
1112,5,2.50
1113,5,2.45
1114,5,2.45
1115,5,2.45
1116,5,2.30
1117,5,2.20
1118,5,2.05
1119,5,1.05
1120,5,1.05
1121,5,1.05
1122,5,1.05
1123,5,3.20
1124,5,2.05
1125,5,2.70
1126,5,3.90
1127,5,3.65
1128,5,3.65
1129,5,3.50
1130,5,3.30
1131,5,3.20
1132,5,3.00
1133,5,2.80
1134,5,2.50
1135,5,2.50
1136,5,3.40
1137,5,3.40
1138,5,3.40
1139,5,3.40
1140,5,3.45
1141,5,3.50
1142,5,3.55
1143,5,3.60
1144,5,3.70
1145,5,5.55
1146,5,1.05
1147,5,1.70
1148,5,1.90
1149,5,4.00
1150,5,4.35
1151,5,3.15
1152,5,3.30
1153,5,5.85
1154,5,3.45
1155,5,1.05
1156,5,2.35
1157,5,2.20
1158,5,2.15
1159,5,2.05
1160,5,2.00
1161,5,1.95
1162,5,1.90
1163,5,1.85
1164,5,1.85
1165,5,1.85
1166,5,1.60
1167,5,1.40
1168,5,1.05
1169,5,1.05
1170,5,1.05
1171,5,1.45
1172,5,1.85
1173,5,2.05
1174,5,3.20
1175,5,1.05
1176,5,3.30
1177,5,3.00
1178,5,3.05
1179,5,2.90
1180,5,2.65
1181,5,2.60
1182,5,2.40
1183,5,2.15
1184,5,1.90
1185,5,1.90
1186,5,2.80
1187,5,2.80
1188,5,2.80
1189,5,2.80
1190,5,2.85
1191,5,2.85
1192,5,2.95
1193,5,3.00
1194,5,3.05
1195,5,4.75
1196,5,2.30
1197,5,2.70
1198,5,2.85
1199,5,3.40
1200,5,3.75
1201,5,3.75
1202,5,3.90
1203,5,6.50
1204,5,4.10
1205,5,1.05
1206,5,2.95
1207,5,2.85
1208,5,2.75
1209,5,2.65
1210,5,2.60
1211,5,2.55
1212,5,2.50
1213,5,2.45
1214,5,2.45
1215,5,2.45
1216,5,2.30
1217,5,2.20
1218,5,2.05
1219,5,1.05
1220,5,2.05
1221,5,2.20
1222,5,2.50
1223,5,2.70
1224,5,1.05
1225,5,3.20
1226,5,3.90
1227,5,3.60
1228,5,3.65
1229,5,3.50
1230,5,3.30
1231,5,3.20
1232,5,3.00
1233,5,2.80
1234,5,2.50
1235,5,2.50
1236,5,3.40
1237,5,3.40
1238,5,3.40
1239,5,3.40
1240,5,3.45
1241,5,3.50
1242,5,3.55
1243,5,3.60
1244,5,3.65
1245,5,5.55
1246,5,2.90
1247,5,3.30
1248,5,3.45
1249,5,4.00
1250,5,4.35
1251,5,4.00
1252,5,4.15
1253,5,6.70
1254,5,4.30
1255,5,3.80
1256,5,3.00
1257,5,2.85
1258,5,2.80
1259,5,2.70
1260,5,2.65
1261,5,2.65
1262,5,2.65
1263,5,2.65
1264,5,2.65
1265,5,2.65
1266,5,2.75
1267,5,2.85
1268,5,3.00
1269,5,3.15
1270,5,3.30
1271,5,3.45
1272,5,3.70
1273,5,3.90
1274,5,3.30
1275,5,3.90
1276,5,3.20
1277,5,1.05
1278,5,3.90
1279,5,1.05
1280,5,1.05
1281,5,1.05
1282,5,2.05
1283,5,2.25
1284,5,2.55
1285,5,2.70
1286,5,3.65
1287,5,3.65
1288,5,3.65
1289,5,3.65
1290,5,3.70
1291,5,3.70
1292,5,3.80
1293,5,3.85
1294,5,3.90
1295,5,6.20
1296,5,4.15
1297,5,4.55
1298,5,4.70
1299,5,1.05
1300,5,1.05
1301,5,3.70
1302,5,3.85
1303,5,6.45
1304,5,4.05
1305,5,3.50
1306,5,2.70
1307,5,2.60
1308,5,2.50
1309,5,2.40
1310,5,2.35
1311,5,2.35
1312,5,2.35
1313,5,2.35
1314,5,2.35
1315,5,2.35
1316,5,2.45
1317,5,2.55
1318,5,2.70
1319,5,2.85
1320,5,3.00
1321,5,3.15
1322,5,3.45
1323,5,3.65
1324,5,3.00
1325,5,3.60
1326,5,1.05
1327,5,3.20
1328,5,3.60
1329,5,1.05
1330,5,1.05
1331,5,1.05
1332,5,1.70
1333,5,1.95
1334,5,2.25
1335,5,2.45
1336,5,3.35
1337,5,3.35
1338,5,3.35
1339,5,3.35
1340,5,3.40
1341,5,3.40
1342,5,3.50
1343,5,3.55
1344,5,3.60
1345,5,5.90
1346,5,3.85
1347,5,4.25
1348,5,4.40
1349,5,1.05
1350,5,1.85
1351,5,1.80
1352,5,1.80
1353,5,4.45
1354,5,2.05
1355,5,3.55
1356,5,2.85
1357,5,2.70
1358,5,2.65
1359,5,2.55
1360,5,2.50
1361,5,2.45
1362,5,2.40
1363,5,2.35
1364,5,2.35
1365,5,2.35
1366,5,2.50
1367,5,2.60
1368,5,2.75
1369,5,2.90
1370,5,3.05
1371,5,3.20
1372,5,3.50
1373,5,3.65
1374,5,3.05
1375,5,3.65
1376,5,3.90
1377,5,3.60
1378,5,3.20
1379,5,3.50
1380,5,3.25
1381,5,3.15
1382,5,2.95
1383,5,2.75
1384,5,2.45
1385,5,2.30
1386,5,2.00
1387,5,2.00
1388,5,2.00
1389,5,2.00
1390,5,1.90
1391,5,1.85
1392,5,1.80
1393,5,1.80
1394,5,1.80
1395,5,5.95
1396,5,3.90
1397,5,4.30
1398,5,4.45
1399,5,3.95
1400,5,4.35
1401,5,3.60
1402,5,3.75
1403,5,6.30
1404,5,3.90
1405,5,3.40
1406,5,2.60
1407,5,2.50
1408,5,2.40
1409,5,2.30
1410,5,2.25
1411,5,2.25
1412,5,2.25
1413,5,2.25
1414,5,2.25
1415,5,2.25
1416,5,2.35
1417,5,2.45
1418,5,2.60
1419,5,2.75
1420,5,2.90
1421,5,3.05
1422,5,3.35
1423,5,3.50
1424,5,2.90
1425,5,3.50
1426,5,1.05
1427,5,1.05
1428,5,3.50
1429,5,3.20
1430,5,1.05
1431,5,1.05
1432,5,1.05
1433,5,1.05
1434,5,2.15
1435,5,2.30
1436,5,3.25
1437,5,3.25
1438,5,3.25
1439,5,3.25
1440,5,3.30
1441,5,3.30
1442,5,3.40
1443,5,3.45
1444,5,3.50
1445,5,5.80
1446,5,3.75
1447,5,4.15
1448,5,4.30
1449,5,1.05
1450,5,1.95
1451,5,3.35
1452,5,3.50
1453,5,6.10
1454,5,3.70
1455,5,3.20
1456,5,2.35
1457,5,2.25
1458,5,2.15
1459,5,2.05
1460,5,2.00
1461,5,2.00
1462,5,2.00
1463,5,2.00
1464,5,2.00
1465,5,2.00
1466,5,2.10
1467,5,2.20
1468,5,2.40
1469,5,2.50
1470,5,2.65
1471,5,2.80
1472,5,3.10
1473,5,3.30
1474,5,2.65
1475,5,3.30
1476,5,1.05
1477,5,1.05
1478,5,3.25
1479,5,1.05
1480,5,3.20
1481,5,1.05
1482,5,1.05
1483,5,1.05
1484,5,1.90
1485,5,2.10
1486,5,3.00
1487,5,3.00
1488,5,3.00
1489,5,3.00
1490,5,3.05
1491,5,3.10
1492,5,3.15
1493,5,3.20
1494,5,3.25
1495,5,5.55
1496,5,3.55
1497,5,3.95
1498,5,4.05
1499,5,1.85
1500,5,2.20
1501,5,3.30
1502,5,3.40
1503,5,6.00
1504,5,3.60
1505,5,3.10
1506,5,2.25
1507,5,2.15
1508,5,2.05
1509,5,1.95
1510,5,1.95
1511,5,1.90
1512,5,1.90
1513,5,1.95
1514,5,1.95
1515,5,1.95
1516,5,2.00
1517,5,2.15
1518,5,2.30
1519,5,2.40
1520,5,2.60
1521,5,2.75
1522,5,3.00
1523,5,3.20
1524,5,2.60
1525,5,3.20
1526,5,1.05
1527,5,1.05
1528,5,3.15
1529,5,1.05
1530,5,1.05
1531,5,3.20
1532,5,1.05
1533,5,1.05
1534,5,1.80
1535,5,2.00
1536,5,2.90
1537,5,2.90
1538,5,2.90
1539,5,2.90
1540,5,2.95
1541,5,3.00
1542,5,3.05
1543,5,3.10
1544,5,3.20
1545,5,5.50
1546,5,3.45
1547,5,3.85
1548,5,4.00
1549,5,1.95
1550,5,2.30
1551,5,3.10
1552,5,3.20
1553,5,5.80
1554,5,3.40
1555,5,2.90
1556,5,2.10
1557,5,1.95
1558,5,1.85
1559,5,1.75
1560,5,1.70
1561,5,1.65
1562,5,1.60
1563,5,1.70
1564,5,1.70
1565,5,1.70
1566,5,1.80
1567,5,1.95
1568,5,2.10
1569,5,2.20
1570,5,2.40
1571,5,2.55
1572,5,2.80
1573,5,3.00
1574,5,2.40
1575,5,3.00
1576,5,2.05
1577,5,1.70
1578,5,2.95
1579,5,1.05
1580,5,1.05
1581,5,1.05
1582,5,3.20
1583,5,1.05
1584,5,1.50
1585,5,1.80
1586,5,2.75
1587,5,2.75
1588,5,2.75
1589,5,2.75
1590,5,2.75
1591,5,2.80
1592,5,2.90
1593,5,2.90
1594,5,3.00
1595,5,5.30
1596,5,3.25
1597,5,3.65
1598,5,3.80
1599,5,2.15
1600,5,2.50
1601,5,2.85
1602,5,3.00
1603,5,5.60
1604,5,3.20
1605,5,2.70
1606,5,1.85
1607,5,1.75
1608,5,1.60
1609,5,1.45
1610,5,1.35
1611,5,1.30
1612,5,1.05
1613,5,1.35
1614,5,1.35
1615,5,1.35
1616,5,1.50
1617,5,1.70
1618,5,1.90
1619,5,2.00
1620,5,2.15
1621,5,2.35
1622,5,2.60
1623,5,2.80
1624,5,2.15
1625,5,2.80
1626,5,2.25
1627,5,1.95
1628,5,2.75
1629,5,1.05
1630,5,1.05
1631,5,1.05
1632,5,1.05
1633,5,3.20
1634,5,1.05
1635,5,1.45
1636,5,2.50
1637,5,2.50
1638,5,2.50
1639,5,2.50
1640,5,2.55
1641,5,2.60
1642,5,2.65
1643,5,2.70
1644,5,2.80
1645,5,5.05
1646,5,3.05
1647,5,3.45
1648,5,3.55
1649,5,2.35
1650,5,2.70
1651,5,2.55
1652,5,2.70
1653,5,5.30
1654,5,2.90
1655,5,2.40
1656,5,1.50
1657,5,1.30
1658,5,1.15
1659,5,1.05
1660,5,1.05
1661,5,1.05
1662,5,1.05
1663,5,1.05
1664,5,1.05
1665,5,1.05
1666,5,1.10
1667,5,1.25
1668,5,1.50
1669,5,1.70
1670,5,1.90
1671,5,2.05
1672,5,2.30
1673,5,2.50
1674,5,1.90
1675,5,2.50
1676,5,2.55
1677,5,2.25
1678,5,2.45
1679,5,2.15
1680,5,1.90
1681,5,1.80
1682,5,1.50
1683,5,1.05
1684,5,3.20
1685,5,1.05
1686,5,2.15
1687,5,2.15
1688,5,2.15
1689,5,2.15
1690,5,2.25
1691,5,2.30
1692,5,2.35
1693,5,2.40
1694,5,2.45
1695,5,4.60
1696,5,2.75
1697,5,3.15
1698,5,3.30
1699,5,2.65
1700,5,3.00
1701,5,2.40
1702,5,2.55
1703,5,5.10
1704,5,2.70
1705,5,2.40
1706,5,1.70
1707,5,1.50
1708,5,1.35
1709,5,1.15
1710,5,1.10
1711,5,1.05
1712,5,1.05
1713,5,1.05
1714,5,1.05
1715,5,1.05
1716,5,1.05
1717,5,1.20
1718,5,1.45
1719,5,1.70
1720,5,1.90
1721,5,2.05
1722,5,2.30
1723,5,2.50
1724,5,1.90
1725,5,2.50
1726,5,2.70
1727,5,2.45
1728,5,2.30
1729,5,2.30
1730,5,2.10
1731,5,2.00
1732,5,1.80
1733,5,1.45
1734,5,1.05
1735,5,3.20
1736,5,1.75
1737,5,1.75
1738,5,1.75
1739,5,1.75
1740,5,1.90
1741,5,1.95
1742,5,2.10
1743,5,2.20
1744,5,2.30
1745,5,4.55
1746,5,2.75
1747,5,3.15
1748,5,3.30
1749,5,2.80
1750,5,3.15
1751,5,2.15
1752,5,2.40
1753,5,5.00
1754,5,2.60
1755,5,3.30
1756,5,2.60
1757,5,2.50
1758,5,2.40
1759,5,2.30
1760,5,2.25
1761,5,2.15
1762,5,2.00
1763,5,1.90
1764,5,1.90
1765,5,1.90
1766,5,2.15
1767,5,2.30
1768,5,2.50
1769,5,2.65
1770,5,2.80
1771,5,2.95
1772,5,3.25
1773,5,3.40
1774,5,2.80
1775,5,3.40
1776,5,3.65
1777,5,3.35
1778,5,2.00
1779,5,3.25
1780,5,3.00
1781,5,2.90
1782,5,2.75
1783,5,2.50
1784,5,2.15
1785,5,1.75
1786,5,3.20
1787,5,1.05
1788,5,1.05
1789,5,1.05
1790,5,1.05
1791,5,1.05
1792,5,1.05
1793,5,1.05
1794,5,1.80
1795,5,5.70
1796,5,3.65
1797,5,4.05
1798,5,4.20
1799,5,3.70
1800,5,4.10
1801,5,2.15
1802,5,2.40
1803,5,5.00
1804,5,2.60
1805,5,3.30
1806,5,2.60
1807,5,2.50
1808,5,2.40
1809,5,2.30
1810,5,2.25
1811,5,2.15
1812,5,2.00
1813,5,1.90
1814,5,1.90
1815,5,1.90
1816,5,2.15
1817,5,2.30
1818,5,2.50
1819,5,2.65
1820,5,2.80
1821,5,2.95
1822,5,3.25
1823,5,3.40
1824,5,2.80
1825,5,3.40
1826,5,3.65
1827,5,3.35
1828,5,2.00
1829,5,3.25
1830,5,3.00
1831,5,2.90
1832,5,2.75
1833,5,2.50
1834,5,2.15
1835,5,1.75
1836,5,1.05
1837,5,3.20
1838,5,1.05
1839,5,1.05
1840,5,1.05
1841,5,1.05
1842,5,1.05
1843,5,1.05
1844,5,1.80
1845,5,5.70
1846,5,3.65
1847,5,4.05
1848,5,4.20
1849,5,3.70
1850,5,4.10
1851,5,2.15
1852,5,2.40
1853,5,5.00
1854,5,2.60
1855,5,3.30
1856,5,2.60
1857,5,2.50
1858,5,2.40
1859,5,2.30
1860,5,2.25
1861,5,2.15
1862,5,2.00
1863,5,1.90
1864,5,1.90
1865,5,1.90
1866,5,2.15
1867,5,2.30
1868,5,2.50
1869,5,2.65
1870,5,2.80
1871,5,2.95
1872,5,3.25
1873,5,3.40
1874,5,2.80
1875,5,3.40
1876,5,3.65
1877,5,3.35
1878,5,2.00
1879,5,3.25
1880,5,3.00
1881,5,2.90
1882,5,2.75
1883,5,2.50
1884,5,2.15
1885,5,1.75
1886,5,1.05
1887,5,1.05
1888,5,3.20
1889,5,1.05
1890,5,1.05
1891,5,1.05
1892,5,1.05
1893,5,1.05
1894,5,1.80
1895,5,5.70
1896,5,3.65
1897,5,4.05
1898,5,4.20
1899,5,3.70
1900,5,4.10
1901,5,2.15
1902,5,2.40
1903,5,5.00
1904,5,2.60
1905,5,3.30
1906,5,2.60
1907,5,2.50
1908,5,2.40
1909,5,2.30
1910,5,2.25
1911,5,2.15
1912,5,2.00
1913,5,1.90
1914,5,1.90
1915,5,1.90
1916,5,2.15
1917,5,2.30
1918,5,2.50
1919,5,2.65
1920,5,2.80
1921,5,2.95
1922,5,3.25
1923,5,3.40
1924,5,2.80
1925,5,3.40
1926,5,3.65
1927,5,3.35
1928,5,2.00
1929,5,3.25
1930,5,3.00
1931,5,2.90
1932,5,2.75
1933,5,2.50
1934,5,2.15
1935,5,1.75
1936,5,1.05
1937,5,1.05
1938,5,1.05
1939,5,3.20
1940,5,1.05
1941,5,1.05
1942,5,1.05
1943,5,1.05
1944,5,1.80
1945,5,5.70
1946,5,3.65
1947,5,4.05
1948,5,4.20
1949,5,3.70
1950,5,4.10
1951,5,2.05
1952,5,2.30
1953,5,4.95
1954,5,2.55
1955,5,3.35
1956,5,2.65
1957,5,2.50
1958,5,2.45
1959,5,2.30
1960,5,2.30
1961,5,2.25
1962,5,2.10
1963,5,2.00
1964,5,2.00
1965,5,2.00
1966,5,2.25
1967,5,2.40
1968,5,2.55
1969,5,2.70
1970,5,2.85
1971,5,3.00
1972,5,3.25
1973,5,3.45
1974,5,2.85
1975,5,3.45
1976,5,3.70
1977,5,3.40
1978,5,1.90
1979,5,3.30
1980,5,3.05
1981,5,2.95
1982,5,2.75
1983,5,2.55
1984,5,2.25
1985,5,1.90
1986,5,1.05
1987,5,1.05
1988,5,1.05
1989,5,1.05
1990,5,3.20
1991,5,1.05
1992,5,1.05
1993,5,1.05
1994,5,1.70
1995,5,5.75
1996,5,3.70
1997,5,4.10
1998,5,4.25
1999,5,3.75
2000,5,4.10
2001,5,2.00
2002,5,2.25
2003,5,4.90
2004,5,2.50
2005,5,3.40
2006,5,2.65
2007,5,2.55
2008,5,2.45
2009,5,2.35
2010,5,2.30
2011,5,2.25
2012,5,2.15
2013,5,2.05
2014,5,2.05
2015,5,2.05
2016,5,2.30
2017,5,2.40
2018,5,2.55
2019,5,2.70
2020,5,2.85
2021,5,3.05
2022,5,3.30
2023,5,3.50
2024,5,2.85
2025,5,3.50
2026,5,3.70
2027,5,3.40
2028,5,1.85
2029,5,3.30
2030,5,3.10
2031,5,3.00
2032,5,2.80
2033,5,2.60
2034,5,2.30
2035,5,1.95
2036,5,1.05
2037,5,1.05
2038,5,1.05
2039,5,1.05
2040,5,1.05
2041,5,3.20
2042,5,1.05
2043,5,1.05
2044,5,1.70
2045,5,5.75
2046,5,3.75
2047,5,4.15
2048,5,4.25
2049,5,3.80
2050,5,4.15
2051,5,1.90
2052,5,2.10
2053,5,4.75
2054,5,2.40
2055,5,3.45
2056,5,2.75
2057,5,2.65
2058,5,2.55
2059,5,2.45
2060,5,2.40
2061,5,2.35
2062,5,2.30
2063,5,2.20
2064,5,2.20
2065,5,2.20
2066,5,2.40
2067,5,2.50
2068,5,2.65
2069,5,2.80
2070,5,2.95
2071,5,3.10
2072,5,3.40
2073,5,3.55
2074,5,2.95
2075,5,3.55
2076,5,3.80
2077,5,3.50
2078,5,1.80
2079,5,3.40
2080,5,3.15
2081,5,3.05
2082,5,2.90
2083,5,2.65
2084,5,2.35
2085,5,2.10
2086,5,1.05
2087,5,1.05
2088,5,1.05
2089,5,1.05
2090,5,1.05
2091,5,1.05
2092,5,3.20
2093,5,1.05
2094,5,1.70
2095,5,5.85
2096,5,3.80
2097,5,4.20
2098,5,4.35
2099,5,3.90
2100,5,4.25
2101,5,1.80
2102,5,2.00
2103,5,4.70
2104,5,2.30
2105,5,3.50
2106,5,2.80
2107,5,2.65
2108,5,2.60
2109,5,2.45
2110,5,2.45
2111,5,2.40
2112,5,2.30
2113,5,2.25
2114,5,2.25
2115,5,2.25
2116,5,2.40
2117,5,2.55
2118,5,2.70
2119,5,2.85
2120,5,3.00
2121,5,3.15
2122,5,3.40
2123,5,3.60
2124,5,3.00
2125,5,3.60
2126,5,3.85
2127,5,3.55
2128,5,1.80
2129,5,3.45
2130,5,3.20
2131,5,3.10
2132,5,2.90
2133,5,2.70
2134,5,2.40
2135,5,2.20
2136,5,1.05
2137,5,1.05
2138,5,1.05
2139,5,1.05
2140,5,1.05
2141,5,1.05
2142,5,1.05
2143,5,3.20
2144,5,1.70
2145,5,5.90
2146,5,3.85
2147,5,4.25
2148,5,4.40
2149,5,3.90
2150,5,4.25
2151,5,1.80
2152,5,1.80
2153,5,4.55
2154,5,2.20
2155,5,3.60
2156,5,2.85
2157,5,2.75
2158,5,2.65
2159,5,2.55
2160,5,2.50
2161,5,2.45
2162,5,2.40
2163,5,2.35
2164,5,2.35
2165,5,2.35
2166,5,2.50
2167,5,2.60
2168,5,2.75
2169,5,2.90
2170,5,3.05
2171,5,3.20
2172,5,3.50
2173,5,3.70
2174,5,3.05
2175,5,3.65
2176,5,3.90
2177,5,3.60
2178,5,1.80
2179,5,3.50
2180,5,3.25
2181,5,3.20
2182,5,3.00
2183,5,2.80
2184,5,2.45
2185,5,2.30
2186,5,1.80
2187,5,1.80
2188,5,1.80
2189,5,1.80
2190,5,1.70
2191,5,1.70
2192,5,1.70
2193,5,1.70
2194,5,3.20
2195,5,5.95
2196,5,3.90
2197,5,4.30
2198,5,4.45
2199,5,4.00
2200,5,4.35
2201,5,6.05
2202,5,6.20
2203,5,8.80
2204,5,6.40
2205,5,5.45
2206,5,5.25
2207,5,5.15
2208,5,5.05
2209,5,4.85
2210,5,4.80
2211,5,4.70
2212,5,4.60
2213,5,4.40
2214,5,4.40
2215,5,4.40
2216,5,4.40
2217,5,3.35
2218,5,4.40
2219,5,4.40
2220,5,4.75
2221,5,5.00
2222,5,5.35
2223,5,5.55
2224,5,4.75
2225,5,5.55
2226,5,6.20
2227,5,5.90
2228,5,5.95
2229,5,5.80
2230,5,5.55
2231,5,5.50
2232,5,5.30
2233,5,5.05
2234,5,4.60
2235,5,4.55
2236,5,5.70
2237,5,5.70
2238,5,5.70
2239,5,5.70
2240,5,5.75
2241,5,5.75
2242,5,5.85
2243,5,5.90
2244,5,5.95
2245,5,3.20
2246,5,5.80
2247,5,6.20
2248,5,6.35
2249,5,6.30
2250,5,6.65
2251,5,4.00
2252,5,4.15
2253,5,6.75
2254,5,4.35
2255,5,2.85
2256,5,3.20
2257,5,3.10
2258,5,3.00
2259,5,2.90
2260,5,2.85
2261,5,2.80
2262,5,2.75
2263,5,2.70
2264,5,2.70
2265,5,2.70
2266,5,2.55
2267,5,2.45
2268,5,2.30
2269,5,2.15
2270,5,2.00
2271,5,1.05
2272,5,1.05
2273,5,1.05
2274,5,2.30
2275,5,2.90
2276,5,4.15
2277,5,3.85
2278,5,3.90
2279,5,3.75
2280,5,3.55
2281,5,3.45
2282,5,3.25
2283,5,3.05
2284,5,2.75
2285,5,2.75
2286,5,3.65
2287,5,3.65
2288,5,3.65
2289,5,3.65
2290,5,3.70
2291,5,3.75
2292,5,3.80
2293,5,3.85
2294,5,3.90
2295,5,5.80
2296,5,3.20
2297,5,1.30
2298,5,1.55
2299,5,4.25
2300,5,4.60
2301,5,4.40
2302,5,4.55
2303,5,7.15
2304,5,4.75
2305,5,3.25
2306,5,3.60
2307,5,3.50
2308,5,3.40
2309,5,3.30
2310,5,3.25
2311,5,3.20
2312,5,3.15
2313,5,3.10
2314,5,3.10
2315,5,3.10
2316,5,2.95
2317,5,2.85
2318,5,2.70
2319,5,2.55
2320,5,2.40
2321,5,2.25
2322,5,1.95
2323,5,1.70
2324,5,2.70
2325,5,3.30
2326,5,4.55
2327,5,4.25
2328,5,4.30
2329,5,4.15
2330,5,3.95
2331,5,3.85
2332,5,3.65
2333,5,3.45
2334,5,3.15
2335,5,3.15
2336,5,4.05
2337,5,4.05
2338,5,4.05
2339,5,4.05
2340,5,4.10
2341,5,4.15
2342,5,4.20
2343,5,4.25
2344,5,4.30
2345,5,6.20
2346,5,1.30
2347,5,3.20
2348,5,1.05
2349,5,4.65
2350,5,5.00
2351,5,4.55
2352,5,4.70
2353,5,7.30
2354,5,4.90
2355,5,3.35
2356,5,3.75
2357,5,3.65
2358,5,3.55
2359,5,3.45
2360,5,3.40
2361,5,3.35
2362,5,3.30
2363,5,3.25
2364,5,3.25
2365,5,3.25
2366,5,3.10
2367,5,3.00
2368,5,2.80
2369,5,2.70
2370,5,2.55
2371,5,2.35
2372,5,2.10
2373,5,1.90
2374,5,2.85
2375,5,3.45
2376,5,4.70
2377,5,4.40
2378,5,4.45
2379,5,4.30
2380,5,4.05
2381,5,4.00
2382,5,3.80
2383,5,3.55
2384,5,3.30
2385,5,3.30
2386,5,4.20
2387,5,4.20
2388,5,4.20
2389,5,4.20
2390,5,4.25
2391,5,4.25
2392,5,4.35
2393,5,4.40
2394,5,4.45
2395,5,6.35
2396,5,1.55
2397,5,1.05
2398,5,3.20
2399,5,4.80
2400,5,5.15
2401,5,4.10
2402,5,4.20
2403,5,6.80
2404,5,4.40
2405,5,3.90
2406,5,3.05
2407,5,2.95
2408,5,2.85
2409,5,2.75
2410,5,2.75
2411,5,2.70
2412,5,2.70
2413,5,2.75
2414,5,2.75
2415,5,2.75
2416,5,2.80
2417,5,2.95
2418,5,3.10
2419,5,3.20
2420,5,3.35
2421,5,3.55
2422,5,3.80
2423,5,4.00
2424,5,3.40
2425,5,4.00
2426,5,1.05
2427,5,1.05
2428,5,3.95
2429,5,1.05
2430,5,1.85
2431,5,1.95
2432,5,2.15
2433,5,2.35
2434,5,2.65
2435,5,2.80
2436,5,3.70
2437,5,3.70
2438,5,3.70
2439,5,3.70
2440,5,3.75
2441,5,3.80
2442,5,3.90
2443,5,3.90
2444,5,4.00
2445,5,6.30
2446,5,4.25
2447,5,4.65
2448,5,4.80
2449,5,3.20
2450,5,1.05
2451,5,4.45
2452,5,4.55
2453,5,7.15
2454,5,4.75
2455,5,4.25
2456,5,3.45
2457,5,3.30
2458,5,3.25
2459,5,3.10
2460,5,3.10
2461,5,3.05
2462,5,3.05
2463,5,3.10
2464,5,3.10
2465,5,3.10
2466,5,3.15
2467,5,3.30
2468,5,3.45
2469,5,3.55
2470,5,3.70
2471,5,3.90
2472,5,4.15
2473,5,4.35
2474,5,3.75
2475,5,4.35
2476,5,1.05
2477,5,1.85
2478,5,4.35
2479,5,1.95
2480,5,2.20
2481,5,2.30
2482,5,2.50
2483,5,2.70
2484,5,3.00
2485,5,3.15
2486,5,4.10
2487,5,4.10
2488,5,4.10
2489,5,4.10
2490,5,4.10
2491,5,4.15
2492,5,4.25
2493,5,4.25
2494,5,4.35
2495,5,6.65
2496,5,4.60
2497,5,5.00
2498,5,5.15
2499,5,1.05
2500,5,3.20
1,2,2.40
2,2,1.35
3,2,3.20
4,2,1.35
5,2,2.75
6,2,2.20
7,2,2.10
8,2,2.05
9,2,1.95
10,2,1.95
11,2,1.90
12,2,1.85
13,2,1.80
14,2,1.80
15,2,1.80
16,2,1.95
17,2,2.00
18,2,2.15
19,2,2.25
20,2,2.35
21,2,2.45
22,2,2.70
23,2,2.80
24,2,2.35
25,2,2.80
26,2,3.00
27,2,2.75
28,2,1.35
29,2,2.70
30,2,2.50
31,2,2.45
32,2,2.30
33,2,2.15
34,2,1.90
35,2,1.80
36,2,1.60
37,2,1.60
38,2,1.60
39,2,1.60
40,2,1.55
41,2,1.50
42,2,1.40
43,2,1.35
44,2,1.35
45,2,4.50
46,2,3.00
47,2,3.30
48,2,3.40
49,2,3.05
50,2,3.30
51,2,1.35
52,2,2.40
53,2,3.20
54,2,1.35
55,2,2.85
56,2,2.30
57,2,2.20
58,2,2.15
59,2,2.10
60,2,2.05
61,2,2.00
62,2,1.95
63,2,1.95
64,2,1.95
65,2,1.95
66,2,2.05
67,2,2.10
68,2,2.25
69,2,2.35
70,2,2.45
71,2,2.60
72,2,2.80
73,2,2.90
74,2,2.45
75,2,2.90
76,2,3.10
77,2,2.85
78,2,1.35
79,2,2.80
80,2,2.60
81,2,2.55
82,2,2.40
83,2,2.25
84,2,2.00
85,2,1.90
86,2,1.80
87,2,1.80
88,2,1.80
89,2,1.80
90,2,1.70
91,2,1.65
92,2,1.55
93,2,1.50
94,2,1.35
95,2,4.65
96,2,3.10
97,2,3.40
98,2,3.50
99,2,3.15
100,2,3.40
101,2,3.20
102,2,3.20
103,2,2.40
104,2,1.85
105,2,4.80
106,2,4.25
107,2,4.15
108,2,4.10
109,2,4.00
110,2,4.00
111,2,3.95
112,2,3.90
113,2,3.85
114,2,3.85
115,2,3.85
116,2,3.95
117,2,4.05
118,2,4.20
119,2,4.25
120,2,4.40
121,2,4.50
122,2,4.70
123,2,4.85
124,2,4.40
125,2,4.85
126,2,5.00
127,2,4.80
128,2,3.30
129,2,4.70
130,2,4.55
131,2,4.50
132,2,4.35
133,2,4.20
134,2,3.95
135,2,3.80
136,2,3.75
137,2,3.75
138,2,3.75
139,2,3.75
140,2,3.70
141,2,3.65
142,2,3.55
143,2,3.50
144,2,3.40
145,2,6.60
146,2,5.05
147,2,5.35
148,2,5.45
149,2,5.10
150,2,5.35
151,2,1.35
152,2,1.35
153,2,1.85
154,2,2.40
155,2,3.00
156,2,2.45
157,2,2.35
158,2,2.30
159,2,2.20
160,2,2.20
161,2,2.15
162,2,2.10
163,2,2.05
164,2,2.05
165,2,2.05
166,2,2.15
167,2,2.25
168,2,2.40
169,2,2.45
170,2,2.60
171,2,2.70
172,2,2.90
173,2,3.05
174,2,2.60
175,2,3.05
176,2,3.20
177,2,3.00
178,2,1.55
179,2,2.90
180,2,2.75
181,2,2.70
182,2,2.55
183,2,2.40
184,2,2.15
185,2,2.00
186,2,1.95
187,2,1.95
188,2,1.95
189,2,1.95
190,2,1.90
191,2,1.85
192,2,1.80
193,2,1.70
194,2,1.65
195,2,4.80
196,2,3.25
197,2,3.55
198,2,3.65
199,2,3.30
200,2,3.55
201,2,2.75
202,2,2.85
203,2,4.80
204,2,3.00
205,2,2.40
206,2,2.15
207,2,2.05
208,2,2.00
209,2,1.90
210,2,1.85
211,2,1.85
212,2,1.80
213,2,1.75
214,2,1.75
215,2,1.75
216,2,1.65
217,2,1.55
218,2,1.45
219,2,0.80
220,2,1.45
221,2,1.60
222,2,1.80
223,2,1.95
224,2,0.80
225,2,0.80
226,2,2.85
227,2,2.60
228,2,2.65
229,2,2.55
230,2,2.40
231,2,2.30
232,2,2.15
233,2,2.00
234,2,1.80
235,2,1.80
236,2,2.45
237,2,2.45
238,2,2.45
239,2,2.45
240,2,2.50
241,2,2.55
242,2,2.60
243,2,2.60
244,2,2.70
245,2,4.10
246,2,2.10
247,2,2.40
248,2,2.50
249,2,2.90
250,2,3.20
251,2,2.20
252,2,2.30
253,2,4.25
254,2,2.45
255,2,2.15
256,2,2.40
257,2,0.80
258,2,0.80
259,2,0.80
260,2,0.80
261,2,0.80
262,2,1.10
263,2,1.20
264,2,1.20
265,2,1.20
266,2,1.30
267,2,1.40
268,2,1.55
269,2,1.65
270,2,1.75
271,2,1.85
272,2,2.10
273,2,2.20
274,2,1.75
275,2,2.20
276,2,2.25
277,2,2.00
278,2,2.10
279,2,1.95
280,2,1.75
281,2,1.70
282,2,1.55
283,2,1.40
284,2,1.10
285,2,1.25
286,2,1.95
287,2,1.95
288,2,1.95
289,2,1.95
290,2,1.95
291,2,2.00
292,2,2.05
293,2,2.10
294,2,2.15
295,2,3.90
296,2,2.40
297,2,2.70
298,2,2.80
299,2,2.30
300,2,2.55
301,2,2.10
302,2,2.20
303,2,4.15
304,2,2.35
305,2,2.05
306,2,0.80
307,2,2.40
308,2,0.80
309,2,0.80
310,2,0.80
311,2,0.80
312,2,0.95
313,2,1.05
314,2,1.05
315,2,1.05
316,2,1.25
317,2,1.30
318,2,1.45
319,2,1.55
320,2,1.65
321,2,1.80
322,2,2.00
323,2,2.15
324,2,1.65
325,2,2.10
326,2,2.15
327,2,1.95
328,2,2.00
329,2,1.85
330,2,1.65
331,2,1.60
332,2,1.45
333,2,1.30
334,2,0.95
335,2,1.10
336,2,1.85
337,2,1.85
338,2,1.85
339,2,1.85
340,2,1.85
341,2,1.90
342,2,1.95
343,2,2.00
344,2,2.05
345,2,3.85
346,2,2.30
347,2,2.60
348,2,2.70
349,2,2.20
350,2,2.45
351,2,2.05
352,2,2.15
353,2,4.10
354,2,2.30
355,2,2.00
356,2,0.80
357,2,0.80
358,2,2.40
359,2,0.80
360,2,0.80
361,2,0.80
362,2,0.85
363,2,0.95
364,2,0.95
365,2,0.95
366,2,1.10
367,2,1.25
368,2,1.35
369,2,1.45
370,2,1.60
371,2,1.70
372,2,1.90
373,2,2.05
374,2,1.60
375,2,2.05
376,2,2.10
377,2,1.85
378,2,1.95
379,2,1.80
380,2,1.60
381,2,1.55
382,2,1.40
383,2,1.20
384,2,0.85
385,2,1.00
386,2,1.80
387,2,1.80
388,2,1.80
389,2,1.80
390,2,1.80
391,2,1.85
392,2,1.90
393,2,1.95
394,2,1.95
395,2,3.75
396,2,2.25
397,2,2.55
398,2,2.65
399,2,2.15
400,2,2.40
401,2,1.95
402,2,2.10
403,2,4.00
404,2,2.20
405,2,1.90
406,2,0.80
407,2,0.80
408,2,0.80
409,2,2.40
410,2,0.80
411,2,0.80
412,2,0.80
413,2,0.80
414,2,0.80
415,2,0.80
416,2,1.00
417,2,1.10
418,2,1.30
419,2,1.40
420,2,1.50
421,2,1.65
422,2,1.85
423,2,2.00
424,2,1.50
425,2,1.95
426,2,2.00
427,2,1.80
428,2,1.90
429,2,1.70
430,2,1.55
431,2,1.45
432,2,1.30
433,2,1.05
434,2,0.80
435,2,0.85
436,2,1.70
437,2,1.70
438,2,1.70
439,2,1.70
440,2,1.70
441,2,1.75
442,2,1.80
443,2,1.85
444,2,1.90
445,2,3.65
446,2,2.15
447,2,2.45
448,2,2.55
449,2,2.05
450,2,2.30
451,2,1.95
452,2,2.05
453,2,4.00
454,2,2.20
455,2,1.85
456,2,0.80
457,2,0.80
458,2,0.80
459,2,0.80
460,2,2.40
461,2,0.80
462,2,0.80
463,2,0.80
464,2,0.80
465,2,0.80
466,2,0.95
467,2,1.05
468,2,1.25
469,2,1.35
470,2,1.50
471,2,1.60
472,2,1.80
473,2,1.95
474,2,1.50
475,2,1.95
476,2,1.95
477,2,1.75
478,2,1.85
479,2,1.65
480,2,1.50
481,2,1.45
482,2,1.25
483,2,1.00
484,2,0.80
485,2,0.80
486,2,1.65
487,2,1.65
488,2,1.65
489,2,1.65
490,2,1.70
491,2,1.70
492,2,1.80
493,2,1.80
494,2,1.85
495,2,3.60
496,2,2.15
497,2,2.45
498,2,2.55
499,2,2.05
500,2,2.30
501,2,1.90
502,2,2.00
503,2,3.95
504,2,2.15
505,2,1.85
506,2,0.80
507,2,0.80
508,2,0.80
509,2,0.80
510,2,0.80
511,2,2.40
512,2,0.80
513,2,0.80
514,2,0.80
515,2,0.80
516,2,0.85
517,2,1.00
518,2,1.20
519,2,1.35
520,2,1.45
521,2,1.55
522,2,1.80
523,2,1.95
524,2,1.45
525,2,1.90
526,2,1.95
527,2,1.75
528,2,1.80
529,2,1.65
530,2,1.50
531,2,1.40
532,2,1.20
533,2,0.95
534,2,0.80
535,2,0.80
536,2,1.60
537,2,1.60
538,2,1.60
539,2,1.60
540,2,1.65
541,2,1.70
542,2,1.75
543,2,1.80
544,2,1.85
545,2,3.50
546,2,2.10
547,2,2.40
548,2,2.50
549,2,2.00
550,2,2.30
551,2,1.85
552,2,1.95
553,2,3.90
554,2,2.10
555,2,1.80
556,2,1.10
557,2,0.95
558,2,0.85
559,2,0.80
560,2,0.80
561,2,0.80
562,2,2.40
563,2,0.80
564,2,0.80
565,2,0.80
566,2,0.80
567,2,0.90
568,2,1.10
569,2,1.25
570,2,1.40
571,2,1.50
572,2,1.70
573,2,1.85
574,2,1.40
575,2,1.85
576,2,1.95
577,2,1.75
578,2,1.80
579,2,1.65
580,2,1.50
581,2,1.40
582,2,1.20
583,2,0.80
584,2,0.80
585,2,0.80
586,2,1.50
587,2,1.50
588,2,1.50
589,2,1.50
590,2,1.55
591,2,1.60
592,2,1.70
593,2,1.70
594,2,1.80
595,2,3.45
596,2,2.05
597,2,2.35
598,2,2.45
599,2,2.00
600,2,2.30
601,2,1.80
602,2,1.95
603,2,3.85
604,2,2.05
605,2,1.75
606,2,1.20
607,2,1.05
608,2,0.95
609,2,0.80
610,2,0.80
611,2,0.80
612,2,0.80
613,2,2.40
614,2,0.80
615,2,0.80
616,2,0.80
617,2,0.80
618,2,1.00
619,2,1.20
620,2,1.35
621,2,1.50
622,2,1.70
623,2,1.85
624,2,1.35
625,2,1.80
626,2,1.95
627,2,1.75
628,2,1.75
629,2,1.65
630,2,1.50
631,2,1.45
632,2,1.25
633,2,1.00
634,2,0.80
635,2,0.80
636,2,1.40
637,2,1.40
638,2,1.40
639,2,1.40
640,2,1.50
641,2,1.55
642,2,1.65
643,2,1.70
644,2,1.75
645,2,3.30
646,2,2.00
647,2,2.30
648,2,2.40
649,2,2.05
650,2,2.30
651,2,1.80
652,2,1.95
653,2,3.85
654,2,2.05
655,2,1.75
656,2,1.20
657,2,1.05
658,2,0.95
659,2,0.80
660,2,0.80
661,2,0.80
662,2,0.80
663,2,0.80
664,2,2.40
665,2,0.80
666,2,0.80
667,2,0.80
668,2,1.00
669,2,1.20
670,2,1.35
671,2,1.50
672,2,1.70
673,2,1.85
674,2,1.35
675,2,1.80
676,2,1.95
677,2,1.75
678,2,1.75
679,2,1.65
680,2,1.50
681,2,1.45
682,2,1.25
683,2,1.00
684,2,0.80
685,2,0.80
686,2,1.40
687,2,1.40
688,2,1.40
689,2,1.40
690,2,1.50
691,2,1.55
692,2,1.65
693,2,1.70
694,2,1.75
695,2,3.30
696,2,2.00
697,2,2.30
698,2,2.40
699,2,2.05
700,2,2.30
701,2,1.80
702,2,1.95
703,2,3.85
704,2,2.05
705,2,1.75
706,2,1.20
707,2,1.05
708,2,0.95
709,2,0.80
710,2,0.80
711,2,0.80
712,2,0.80
713,2,0.80
714,2,0.80
715,2,2.40
716,2,0.80
717,2,0.80
718,2,1.00
719,2,1.20
720,2,1.35
721,2,1.50
722,2,1.70
723,2,1.85
724,2,1.35
725,2,1.80
726,2,1.95
727,2,1.75
728,2,1.75
729,2,1.65
730,2,1.50
731,2,1.45
732,2,1.25
733,2,1.00
734,2,0.80
735,2,0.80
736,2,1.40
737,2,1.40
738,2,1.40
739,2,1.40
740,2,1.50
741,2,1.55
742,2,1.65
743,2,1.70
744,2,1.75
745,2,3.30
746,2,2.00
747,2,2.30
748,2,2.40
749,2,2.05
750,2,2.30
751,2,1.95
752,2,2.05
753,2,3.95
754,2,2.15
755,2,1.65
756,2,1.30
757,2,1.25
758,2,1.10
759,2,1.00
760,2,0.95
761,2,0.85
762,2,0.80
763,2,0.80
764,2,0.80
765,2,0.80
766,2,2.40
767,2,0.80
768,2,0.80
769,2,1.00
770,2,1.20
771,2,1.35
772,2,1.55
773,2,1.70
774,2,1.20
775,2,1.70
776,2,2.05
777,2,1.80
778,2,1.85
779,2,1.75
780,2,1.55
781,2,1.50
782,2,1.35
783,2,1.10
784,2,0.80
785,2,0.80
786,2,1.60
787,2,1.60
788,2,1.60
789,2,1.60
790,2,1.65
791,2,1.70
792,2,1.80
793,2,1.80
794,2,1.85
795,2,3.30
796,2,1.90
797,2,2.20
798,2,2.30
799,2,2.10
800,2,2.35
801,2,2.00
802,2,2.10
803,2,4.05
804,2,2.25
805,2,1.55
806,2,1.40
807,2,1.30
808,2,1.25
809,2,1.10
810,2,1.05
811,2,1.00
812,2,0.90
813,2,0.80
814,2,0.80
815,2,0.80
816,2,0.80
817,2,2.40
818,2,0.80
819,2,0.80
820,2,1.05
821,2,1.25
822,2,1.50
823,2,1.65
824,2,1.05
825,2,1.65
826,2,2.10
827,2,1.90
828,2,1.95
829,2,1.80
830,2,1.65
831,2,1.60
832,2,1.45
833,2,1.25
834,2,0.95
835,2,0.90
836,2,1.70
837,2,1.70
838,2,1.70
839,2,1.70
840,2,1.80
841,2,1.80
842,2,1.85
843,2,1.90
844,2,1.95
845,2,2.50
846,2,1.80
847,2,2.10
848,2,2.25
849,2,2.20
850,2,2.45
851,2,2.15
852,2,2.25
853,2,4.20
854,2,2.40
855,2,1.45
856,2,1.55
857,2,1.45
858,2,1.35
859,2,1.30
860,2,1.25
861,2,1.20
862,2,1.10
863,2,1.00
864,2,1.00
865,2,1.00
866,2,0.80
867,2,0.80
868,2,2.40
869,2,0.80
870,2,0.80
871,2,1.05
872,2,1.35
873,2,1.50
874,2,0.80
875,2,1.50
876,2,2.25
877,2,2.00
878,2,2.05
879,2,1.95
880,2,1.80
881,2,1.70
882,2,1.55
883,2,1.40
884,2,1.10
885,2,1.10
886,2,1.85
887,2,1.85
888,2,1.85
889,2,1.85
890,2,1.90
891,2,1.90
892,2,2.00
893,2,2.00
894,2,2.05
895,2,3.30
896,2,1.70
897,2,2.00
898,2,2.10
899,2,2.30
900,2,2.55
901,2,2.25
902,2,2.35
903,2,4.25
904,2,2.45
905,2,0.80
906,2,1.65
907,2,1.55
908,2,1.45
909,2,1.40
910,2,1.35
911,2,1.35
912,2,1.25
913,2,1.20
914,2,1.20
915,2,1.20
916,2,1.00
917,2,0.80
918,2,0.80
919,2,2.40
920,2,0.80
921,2,0.80
922,2,0.80
923,2,0.80
924,2,0.80
925,2,0.80
926,2,2.35
927,2,2.10
928,2,2.15
929,2,2.05
930,2,1.85
931,2,1.80
932,2,1.65
933,2,1.50
934,2,1.25
935,2,1.25
936,2,1.95
937,2,1.95
938,2,1.95
939,2,1.95
940,2,2.00
941,2,2.00
942,2,2.10
943,2,2.10
944,2,2.15
945,2,3.30
946,2,1.60
947,2,1.90
948,2,2.00
949,2,2.40
950,2,2.65
951,2,2.35
952,2,2.45
953,2,4.40
954,2,2.60
955,2,1.45
956,2,1.75
957,2,1.65
958,2,1.60
959,2,1.50
960,2,1.50
961,2,1.45
962,2,1.40
963,2,1.35
964,2,1.35
965,2,1.35
966,2,1.20
967,2,1.05
968,2,0.80
969,2,0.80
970,2,2.40
971,2,0.80
972,2,0.80
973,2,0.80
974,2,0.80
975,2,1.55
976,2,2.45
977,2,2.25
978,2,2.25
979,2,2.15
980,2,2.00
981,2,1.95
982,2,1.80
983,2,1.60
984,2,1.40
985,2,1.40
986,2,2.10
987,2,2.10
988,2,2.10
989,2,2.10
990,2,2.10
991,2,2.15
992,2,2.20
993,2,2.25
994,2,2.30
995,2,3.55
996,2,1.50
997,2,1.80
998,2,1.90
999,2,2.50
1000,2,2.75
1001,2,2.45
1002,2,2.60
1003,2,4.50
1004,2,2.70
1005,2,1.60
1006,2,1.85
1007,2,1.80
1008,2,1.70
1009,2,1.65
1010,2,1.60
1011,2,1.55
1012,2,1.50
1013,2,1.50
1014,2,1.50
1015,2,1.50
1016,2,1.35
1017,2,1.25
1018,2,1.05
1019,2,0.80
1020,2,0.80
1021,2,2.40
1022,2,0.80
1023,2,0.80
1024,2,1.05
1025,2,1.65
1026,2,2.60
1027,2,2.35
1028,2,2.40
1029,2,2.30
1030,2,2.10
1031,2,2.05
1032,2,1.90
1033,2,1.75
1034,2,1.50
1035,2,1.50
1036,2,2.20
1037,2,2.20
1038,2,2.20
1039,2,2.20
1040,2,2.25
1041,2,2.25
1042,2,2.30
1043,2,2.35
1044,2,2.40
1045,2,3.75
1046,2,0.80
1047,2,1.65
1048,2,1.75
1049,2,2.65
1050,2,2.90
1051,2,2.70
1052,2,2.80
1053,2,4.70
1054,2,2.90
1055,2,1.80
1056,2,2.10
1057,2,2.00
1058,2,1.90
1059,2,1.85
1060,2,1.80
1061,2,1.80
1062,2,1.70
1063,2,1.70
1064,2,1.70
1065,2,1.70
1066,2,1.55
1067,2,1.50
1068,2,1.35
1069,2,0.80
1070,2,0.80
1071,2,0.80
1072,2,2.40
1073,2,0.80
1074,2,1.35
1075,2,1.85
1076,2,2.75
1077,2,2.55
1078,2,2.60
1079,2,2.50
1080,2,2.30
1081,2,2.25
1082,2,2.10
1083,2,1.95
1084,2,1.70
1085,2,1.70
1086,2,2.40
1087,2,2.40
1088,2,2.40
1089,2,2.40
1090,2,2.45
1091,2,2.45
1092,2,2.55
1093,2,2.55
1094,2,2.60
1095,2,4.00
1096,2,0.80
1097,2,1.45
1098,2,1.55
1099,2,2.85
1100,2,3.10
1101,2,2.80
1102,2,2.90
1103,2,4.85
1104,2,3.05
1105,2,1.95
1106,2,2.20
1107,2,2.15
1108,2,2.05
1109,2,2.00
1110,2,1.95
1111,2,1.95
1112,2,1.85
1113,2,1.85
1114,2,1.85
1115,2,1.85
1116,2,1.70
1117,2,1.65
1118,2,1.50
1119,2,0.80
1120,2,0.80
1121,2,0.80
1122,2,0.80
1123,2,2.40
1124,2,1.55
1125,2,2.00
1126,2,2.90
1127,2,2.70
1128,2,2.75
1129,2,2.60
1130,2,2.45
1131,2,2.40
1132,2,2.25
1133,2,2.10
1134,2,1.85
1135,2,1.85
1136,2,2.55
1137,2,2.55
1138,2,2.55
1139,2,2.55
1140,2,2.60
1141,2,2.60
1142,2,2.65
1143,2,2.70
1144,2,2.75
1145,2,4.15
1146,2,0.80
1147,2,1.25
1148,2,1.40
1149,2,3.00
1150,2,3.25
1151,2,2.35
1152,2,2.45
1153,2,4.40
1154,2,2.60
1155,2,0.80
1156,2,1.75
1157,2,1.65
1158,2,1.60
1159,2,1.50
1160,2,1.50
1161,2,1.45
1162,2,1.40
1163,2,1.35
1164,2,1.35
1165,2,1.35
1166,2,1.20
1167,2,1.05
1168,2,0.80
1169,2,0.80
1170,2,0.80
1171,2,1.05
1172,2,1.35
1173,2,1.55
1174,2,2.40
1175,2,0.80
1176,2,2.45
1177,2,2.25
1178,2,2.25
1179,2,2.15
1180,2,2.00
1181,2,1.95
1182,2,1.80
1183,2,1.60
1184,2,1.40
1185,2,1.40
1186,2,2.10
1187,2,2.10
1188,2,2.10
1189,2,2.10
1190,2,2.10
1191,2,2.15
1192,2,2.20
1193,2,2.25
1194,2,2.30
1195,2,3.55
1196,2,1.70
1197,2,2.00
1198,2,2.10
1199,2,2.55
1200,2,2.80
1201,2,2.80
1202,2,2.90
1203,2,4.85
1204,2,3.05
1205,2,0.80
1206,2,2.20
1207,2,2.10
1208,2,2.05
1209,2,1.95
1210,2,1.95
1211,2,1.90
1212,2,1.85
1213,2,1.80
1214,2,1.80
1215,2,1.80
1216,2,1.70
1217,2,1.65
1218,2,1.50
1219,2,0.80
1220,2,1.55
1221,2,1.65
1222,2,1.85
1223,2,2.00
1224,2,0.80
1225,2,2.40
1226,2,2.90
1227,2,2.70
1228,2,2.75
1229,2,2.60
1230,2,2.45
1231,2,2.40
1232,2,2.25
1233,2,2.10
1234,2,1.85
1235,2,1.85
1236,2,2.55
1237,2,2.55
1238,2,2.55
1239,2,2.55
1240,2,2.55
1241,2,2.60
1242,2,2.65
1243,2,2.70
1244,2,2.75
1245,2,4.15
1246,2,2.15
1247,2,2.45
1248,2,2.60
1249,2,3.00
1250,2,3.25
1251,2,3.00
1252,2,3.10
1253,2,5.00
1254,2,3.20
1255,2,2.85
1256,2,2.25
1257,2,2.15
1258,2,2.10
1259,2,2.00
1260,2,1.95
1261,2,1.95
1262,2,1.95
1263,2,1.95
1264,2,1.95
1265,2,1.95
1266,2,2.05
1267,2,2.10
1268,2,2.25
1269,2,2.35
1270,2,2.45
1271,2,2.60
1272,2,2.75
1273,2,2.90
1274,2,2.45
1275,2,2.90
1276,2,2.40
1277,2,0.80
1278,2,2.90
1279,2,0.80
1280,2,0.80
1281,2,0.80
1282,2,1.50
1283,2,1.65
1284,2,1.90
1285,2,2.00
1286,2,2.70
1287,2,2.70
1288,2,2.70
1289,2,2.70
1290,2,2.75
1291,2,2.75
1292,2,2.85
1293,2,2.85
1294,2,2.90
1295,2,4.65
1296,2,3.10
1297,2,3.40
1298,2,3.50
1299,2,0.80
1300,2,0.80
1301,2,2.75
1302,2,2.85
1303,2,4.80
1304,2,3.00
1305,2,2.60
1306,2,2.00
1307,2,1.95
1308,2,1.85
1309,2,1.80
1310,2,1.75
1311,2,1.75
1312,2,1.75
1313,2,1.75
1314,2,1.75
1315,2,1.75
1316,2,1.80
1317,2,1.90
1318,2,2.00
1319,2,2.10
1320,2,2.25
1321,2,2.35
1322,2,2.55
1323,2,2.70
1324,2,2.25
1325,2,2.70
1326,2,0.80
1327,2,2.40
1328,2,2.70
1329,2,0.80
1330,2,0.80
1331,2,0.80
1332,2,1.25
1333,2,1.45
1334,2,1.70
1335,2,1.80
1336,2,2.50
1337,2,2.50
1338,2,2.50
1339,2,2.50
1340,2,2.55
1341,2,2.55
1342,2,2.60
1343,2,2.65
1344,2,2.70
1345,2,4.40
1346,2,2.90
1347,2,3.20
1348,2,3.30
1349,2,0.80
1350,2,1.40
1351,2,1.35
1352,2,1.35
1353,2,3.30
1354,2,1.55
1355,2,2.65
1356,2,2.10
1357,2,2.00
1358,2,1.95
1359,2,1.90
1360,2,1.85
1361,2,1.80
1362,2,1.80
1363,2,1.75
1364,2,1.75
1365,2,1.75
1366,2,1.85
1367,2,1.95
1368,2,2.05
1369,2,2.15
1370,2,2.25
1371,2,2.40
1372,2,2.60
1373,2,2.75
1374,2,2.25
1375,2,2.75
1376,2,2.90
1377,2,2.70
1378,2,2.40
1379,2,2.60
1380,2,2.45
1381,2,2.35
1382,2,2.20
1383,2,2.05
1384,2,1.85
1385,2,1.70
1386,2,1.50
1387,2,1.50
1388,2,1.50
1389,2,1.50
1390,2,1.40
1391,2,1.35
1392,2,1.35
1393,2,1.35
1394,2,1.35
1395,2,4.45
1396,2,2.90
1397,2,3.20
1398,2,3.30
1399,2,2.95
1400,2,3.25
1401,2,2.70
1402,2,2.80
1403,2,4.70
1404,2,2.90
1405,2,2.55
1406,2,1.95
1407,2,1.85
1408,2,1.80
1409,2,1.70
1410,2,1.65
1411,2,1.65
1412,2,1.65
1413,2,1.65
1414,2,1.65
1415,2,1.65
1416,2,1.75
1417,2,1.80
1418,2,1.95
1419,2,2.05
1420,2,2.15
1421,2,2.30
1422,2,2.50
1423,2,2.60
1424,2,2.15
1425,2,2.60
1426,2,0.80
1427,2,0.80
1428,2,2.60
1429,2,2.40
1430,2,0.80
1431,2,0.80
1432,2,0.80
1433,2,0.80
1434,2,1.60
1435,2,1.70
1436,2,2.40
1437,2,2.40
1438,2,2.40
1439,2,2.40
1440,2,2.45
1441,2,2.45
1442,2,2.55
1443,2,2.55
1444,2,2.60
1445,2,4.35
1446,2,2.80
1447,2,3.10
1448,2,3.20
1449,2,0.80
1450,2,1.45
1451,2,2.50
1452,2,2.60
1453,2,4.55
1454,2,2.75
1455,2,2.40
1456,2,1.75
1457,2,1.65
1458,2,1.60
1459,2,1.55
1460,2,1.50
1461,2,1.50
1462,2,1.50
1463,2,1.50
1464,2,1.50
1465,2,1.50
1466,2,1.55
1467,2,1.65
1468,2,1.80
1469,2,1.85
1470,2,2.00
1471,2,2.10
1472,2,2.30
1473,2,2.45
1474,2,2.00
1475,2,2.45
1476,2,0.80
1477,2,0.80
1478,2,2.45
1479,2,0.80
1480,2,2.40
1481,2,0.80
1482,2,0.80
1483,2,0.80
1484,2,1.40
1485,2,1.55
1486,2,2.25
1487,2,2.25
1488,2,2.25
1489,2,2.25
1490,2,2.25
1491,2,2.30
1492,2,2.35
1493,2,2.40
1494,2,2.45
1495,2,4.15
1496,2,2.65
1497,2,2.95
1498,2,3.05
1499,2,1.35
1500,2,1.65
1501,2,2.45
1502,2,2.55
1503,2,4.50
1504,2,2.70
1505,2,2.30
1506,2,1.70
1507,2,1.60
1508,2,1.55
1509,2,1.45
1510,2,1.45
1511,2,1.40
1512,2,1.40
1513,2,1.45
1514,2,1.45
1515,2,1.45
1516,2,1.50
1517,2,1.60
1518,2,1.70
1519,2,1.80
1520,2,1.95
1521,2,2.05
1522,2,2.25
1523,2,2.40
1524,2,1.95
1525,2,2.40
1526,2,0.80
1527,2,0.80
1528,2,2.35
1529,2,0.80
1530,2,0.80
1531,2,2.40
1532,2,0.80
1533,2,0.80
1534,2,1.35
1535,2,1.50
1536,2,2.15
1537,2,2.15
1538,2,2.15
1539,2,2.15
1540,2,2.20
1541,2,2.25
1542,2,2.30
1543,2,2.30
1544,2,2.40
1545,2,4.10
1546,2,2.55
1547,2,2.85
1548,2,3.00
1549,2,1.45
1550,2,1.70
1551,2,2.30
1552,2,2.40
1553,2,4.35
1554,2,2.55
1555,2,2.15
1556,2,1.55
1557,2,1.45
1558,2,1.40
1559,2,1.30
1560,2,1.25
1561,2,1.20
1562,2,1.20
1563,2,1.25
1564,2,1.25
1565,2,1.25
1566,2,1.35
1567,2,1.45
1568,2,1.55
1569,2,1.65
1570,2,1.80
1571,2,1.90
1572,2,2.10
1573,2,2.25
1574,2,1.80
1575,2,2.25
1576,2,1.50
1577,2,1.25
1578,2,2.20
1579,2,0.80
1580,2,0.80
1581,2,0.80
1582,2,2.40
1583,2,0.80
1584,2,1.10
1585,2,1.35
1586,2,2.05
1587,2,2.05
1588,2,2.05
1589,2,2.05
1590,2,2.05
1591,2,2.10
1592,2,2.15
1593,2,2.15
1594,2,2.25
1595,2,3.95
1596,2,2.40
1597,2,2.70
1598,2,2.85
1599,2,1.60
1600,2,1.85
1601,2,2.15
1602,2,2.25
1603,2,4.20
1604,2,2.40
1605,2,2.00
1606,2,1.40
1607,2,1.30
1608,2,1.20
1609,2,1.05
1610,2,1.00
1611,2,0.95
1612,2,0.80
1613,2,1.00
1614,2,1.00
1615,2,1.00
1616,2,1.10
1617,2,1.25
1618,2,1.40
1619,2,1.50
1620,2,1.60
1621,2,1.75
1622,2,1.95
1623,2,2.10
1624,2,1.60
1625,2,2.10
1626,2,1.65
1627,2,1.45
1628,2,2.05
1629,2,0.80
1630,2,0.80
1631,2,0.80
1632,2,0.80
1633,2,2.40
1634,2,0.80
1635,2,1.10
1636,2,1.85
1637,2,1.85
1638,2,1.85
1639,2,1.85
1640,2,1.90
1641,2,1.95
1642,2,2.00
1643,2,2.00
1644,2,2.10
1645,2,3.80
1646,2,2.25
1647,2,2.55
1648,2,2.65
1649,2,1.75
1650,2,2.00
1651,2,1.90
1652,2,2.00
1653,2,3.95
1654,2,2.15
1655,2,1.80
1656,2,1.10
1657,2,0.95
1658,2,0.85
1659,2,0.80
1660,2,0.80
1661,2,0.80
1662,2,0.80
1663,2,0.80
1664,2,0.80
1665,2,0.80
1666,2,0.80
1667,2,0.95
1668,2,1.10
1669,2,1.25
1670,2,1.40
1671,2,1.50
1672,2,1.70
1673,2,1.85
1674,2,1.40
1675,2,1.85
1676,2,1.90
1677,2,1.70
1678,2,1.85
1679,2,1.60
1680,2,1.40
1681,2,1.35
1682,2,1.10
1683,2,0.80
1684,2,2.40
1685,2,0.80
1686,2,1.60
1687,2,1.60
1688,2,1.60
1689,2,1.60
1690,2,1.65
1691,2,1.70
1692,2,1.75
1693,2,1.80
1694,2,1.85
1695,2,3.45
1696,2,2.05
1697,2,2.35
1698,2,2.45
1699,2,1.95
1700,2,2.25
1701,2,1.80
1702,2,1.90
1703,2,3.80
1704,2,2.00
1705,2,1.80
1706,2,1.25
1707,2,1.10
1708,2,1.00
1709,2,0.85
1710,2,0.80
1711,2,0.80
1712,2,0.80
1713,2,0.80
1714,2,0.80
1715,2,0.80
1716,2,0.80
1717,2,0.90
1718,2,1.10
1719,2,1.25
1720,2,1.40
1721,2,1.50
1722,2,1.70
1723,2,1.85
1724,2,1.40
1725,2,1.85
1726,2,2.00
1727,2,1.80
1728,2,1.70
1729,2,1.70
1730,2,1.55
1731,2,1.50
1732,2,1.35
1733,2,1.10
1734,2,0.80
1735,2,2.40
1736,2,1.30
1737,2,1.30
1738,2,1.30
1739,2,1.30
1740,2,1.40
1741,2,1.45
1742,2,1.55
1743,2,1.65
1744,2,1.70
1745,2,3.40
1746,2,2.05
1747,2,2.35
1748,2,2.45
1749,2,2.10
1750,2,2.35
1751,2,1.60
1752,2,1.80
1753,2,3.75
1754,2,1.95
1755,2,2.45
1756,2,1.95
1757,2,1.85
1758,2,1.80
1759,2,1.70
1760,2,1.65
1761,2,1.60
1762,2,1.50
1763,2,1.40
1764,2,1.40
1765,2,1.40
1766,2,1.60
1767,2,1.70
1768,2,1.85
1769,2,1.95
1770,2,2.10
1771,2,2.20
1772,2,2.40
1773,2,2.55
1774,2,2.10
1775,2,2.55
1776,2,2.70
1777,2,2.50
1778,2,1.50
1779,2,2.40
1780,2,2.25
1781,2,2.15
1782,2,2.05
1783,2,1.85
1784,2,1.60
1785,2,1.30
1786,2,2.40
1787,2,0.80
1788,2,0.80
1789,2,0.80
1790,2,0.80
1791,2,0.80
1792,2,0.80
1793,2,0.80
1794,2,1.35
1795,2,4.25
1796,2,2.75
1797,2,3.05
1798,2,3.15
1799,2,2.75
1800,2,3.05
1801,2,1.60
1802,2,1.80
1803,2,3.75
1804,2,1.95
1805,2,2.45
1806,2,1.95
1807,2,1.85
1808,2,1.80
1809,2,1.70
1810,2,1.65
1811,2,1.60
1812,2,1.50
1813,2,1.40
1814,2,1.40
1815,2,1.40
1816,2,1.60
1817,2,1.70
1818,2,1.85
1819,2,1.95
1820,2,2.10
1821,2,2.20
1822,2,2.40
1823,2,2.55
1824,2,2.10
1825,2,2.55
1826,2,2.70
1827,2,2.50
1828,2,1.50
1829,2,2.40
1830,2,2.25
1831,2,2.15
1832,2,2.05
1833,2,1.85
1834,2,1.60
1835,2,1.30
1836,2,0.80
1837,2,2.40
1838,2,0.80
1839,2,0.80
1840,2,0.80
1841,2,0.80
1842,2,0.80
1843,2,0.80
1844,2,1.35
1845,2,4.25
1846,2,2.75
1847,2,3.05
1848,2,3.15
1849,2,2.75
1850,2,3.05
1851,2,1.60
1852,2,1.80
1853,2,3.75
1854,2,1.95
1855,2,2.45
1856,2,1.95
1857,2,1.85
1858,2,1.80
1859,2,1.70
1860,2,1.65
1861,2,1.60
1862,2,1.50
1863,2,1.40
1864,2,1.40
1865,2,1.40
1866,2,1.60
1867,2,1.70
1868,2,1.85
1869,2,1.95
1870,2,2.10
1871,2,2.20
1872,2,2.40
1873,2,2.55
1874,2,2.10
1875,2,2.55
1876,2,2.70
1877,2,2.50
1878,2,1.50
1879,2,2.40
1880,2,2.25
1881,2,2.15
1882,2,2.05
1883,2,1.85
1884,2,1.60
1885,2,1.30
1886,2,0.80
1887,2,0.80
1888,2,2.40
1889,2,0.80
1890,2,0.80
1891,2,0.80
1892,2,0.80
1893,2,0.80
1894,2,1.35
1895,2,4.25
1896,2,2.75
1897,2,3.05
1898,2,3.15
1899,2,2.75
1900,2,3.05
1901,2,1.60
1902,2,1.80
1903,2,3.75
1904,2,1.95
1905,2,2.45
1906,2,1.95
1907,2,1.85
1908,2,1.80
1909,2,1.70
1910,2,1.65
1911,2,1.60
1912,2,1.50
1913,2,1.40
1914,2,1.40
1915,2,1.40
1916,2,1.60
1917,2,1.70
1918,2,1.85
1919,2,1.95
1920,2,2.10
1921,2,2.20
1922,2,2.40
1923,2,2.55
1924,2,2.10
1925,2,2.55
1926,2,2.70
1927,2,2.50
1928,2,1.50
1929,2,2.40
1930,2,2.25
1931,2,2.15
1932,2,2.05
1933,2,1.85
1934,2,1.60
1935,2,1.30
1936,2,0.80
1937,2,0.80
1938,2,0.80
1939,2,2.40
1940,2,0.80
1941,2,0.80
1942,2,0.80
1943,2,0.80
1944,2,1.35
1945,2,4.25
1946,2,2.75
1947,2,3.05
1948,2,3.15
1949,2,2.75
1950,2,3.05
1951,2,1.55
1952,2,1.70
1953,2,3.70
1954,2,1.90
1955,2,2.50
1956,2,1.95
1957,2,1.85
1958,2,1.80
1959,2,1.70
1960,2,1.70
1961,2,1.65
1962,2,1.55
1963,2,1.50
1964,2,1.50
1965,2,1.50
1966,2,1.65
1967,2,1.80
1968,2,1.90
1969,2,2.00
1970,2,2.10
1971,2,2.25
1972,2,2.45
1973,2,2.60
1974,2,2.10
1975,2,2.55
1976,2,2.75
1977,2,2.55
1978,2,1.40
1979,2,2.45
1980,2,2.25
1981,2,2.20
1982,2,2.05
1983,2,1.90
1984,2,1.65
1985,2,1.40
1986,2,0.80
1987,2,0.80
1988,2,0.80
1989,2,0.80
1990,2,2.40
1991,2,0.80
1992,2,0.80
1993,2,0.80
1994,2,1.25
1995,2,4.30
1996,2,2.75
1997,2,3.05
1998,2,3.15
1999,2,2.80
2000,2,3.05
2001,2,1.50
2002,2,1.65
2003,2,3.65
2004,2,1.85
2005,2,2.55
2006,2,2.00
2007,2,1.90
2008,2,1.85
2009,2,1.75
2010,2,1.70
2011,2,1.70
2012,2,1.60
2013,2,1.55
2014,2,1.55
2015,2,1.55
2016,2,1.70
2017,2,1.80
2018,2,1.90
2019,2,2.00
2020,2,2.15
2021,2,2.25
2022,2,2.45
2023,2,2.60
2024,2,2.15
2025,2,2.60
2026,2,2.75
2027,2,2.55
2028,2,1.35
2029,2,2.45
2030,2,2.30
2031,2,2.25
2032,2,2.10
2033,2,1.95
2034,2,1.70
2035,2,1.45
2036,2,0.80
2037,2,0.80
2038,2,0.80
2039,2,0.80
2040,2,0.80
2041,2,2.40
2042,2,0.80
2043,2,0.80
2044,2,1.25
2045,2,4.30
2046,2,2.80
2047,2,3.10
2048,2,3.20
2049,2,2.85
2050,2,3.10
2051,2,1.40
2052,2,1.55
2053,2,3.55
2054,2,1.80
2055,2,2.60
2056,2,2.05
2057,2,1.95
2058,2,1.90
2059,2,1.80
2060,2,1.80
2061,2,1.75
2062,2,1.70
2063,2,1.65
2064,2,1.65
2065,2,1.65
2066,2,1.80
2067,2,1.85
2068,2,2.00
2069,2,2.10
2070,2,2.20
2071,2,2.30
2072,2,2.55
2073,2,2.65
2074,2,2.20
2075,2,2.65
2076,2,2.85
2077,2,2.60
2078,2,1.35
2079,2,2.55
2080,2,2.35
2081,2,2.30
2082,2,2.15
2083,2,2.00
2084,2,1.75
2085,2,1.55
2086,2,0.80
2087,2,0.80
2088,2,0.80
2089,2,0.80
2090,2,0.80
2091,2,0.80
2092,2,2.40
2093,2,0.80
2094,2,1.25
2095,2,4.35
2096,2,2.85
2097,2,3.15
2098,2,3.25
2099,2,2.90
2100,2,3.15
2101,2,1.35
2102,2,1.50
2103,2,3.50
2104,2,1.70
2105,2,2.60
2106,2,2.10
2107,2,2.00
2108,2,1.95
2109,2,1.85
2110,2,1.80
2111,2,1.80
2112,2,1.70
2113,2,1.70
2114,2,1.70
2115,2,1.70
2116,2,1.80
2117,2,1.90
2118,2,2.00
2119,2,2.10
2120,2,2.25
2121,2,2.35
2122,2,2.55
2123,2,2.70
2124,2,2.25
2125,2,2.70
2126,2,2.85
2127,2,2.65
2128,2,1.35
2129,2,2.55
2130,2,2.40
2131,2,2.30
2132,2,2.15
2133,2,2.00
2134,2,1.80
2135,2,1.65
2136,2,0.80
2137,2,0.80
2138,2,0.80
2139,2,0.80
2140,2,0.80
2141,2,0.80
2142,2,0.80
2143,2,2.40
2144,2,1.25
2145,2,4.40
2146,2,2.85
2147,2,3.15
2148,2,3.30
2149,2,2.90
2150,2,3.20
2151,2,1.35
2152,2,1.35
2153,2,3.40
2154,2,1.65
2155,2,2.70
2156,2,2.15
2157,2,2.05
2158,2,1.95
2159,2,1.90
2160,2,1.85
2161,2,1.85
2162,2,1.80
2163,2,1.75
2164,2,1.75
2165,2,1.75
2166,2,1.85
2167,2,1.95
2168,2,2.05
2169,2,2.15
2170,2,2.30
2171,2,2.40
2172,2,2.60
2173,2,2.75
2174,2,2.30
2175,2,2.75
2176,2,2.90
2177,2,2.70
2178,2,1.35
2179,2,2.60
2180,2,2.45
2181,2,2.40
2182,2,2.25
2183,2,2.10
2184,2,1.85
2185,2,1.70
2186,2,1.35
2187,2,1.35
2188,2,1.35
2189,2,1.35
2190,2,1.25
2191,2,1.25
2192,2,1.25
2193,2,1.25
2194,2,2.40
2195,2,4.45
2196,2,2.90
2197,2,3.20
2198,2,3.35
2199,2,3.00
2200,2,3.25
2201,2,4.50
2202,2,4.65
2203,2,6.60
2204,2,4.80
2205,2,4.10
2206,2,3.90
2207,2,3.85
2208,2,3.75
2209,2,3.65
2210,2,3.60
2211,2,3.50
2212,2,3.45
2213,2,3.30
2214,2,3.30
2215,2,3.30
2216,2,3.30
2217,2,2.50
2218,2,3.30
2219,2,3.30
2220,2,3.55
2221,2,3.75
2222,2,4.00
2223,2,4.15
2224,2,3.55
2225,2,4.15
2226,2,4.65
2227,2,4.40
2228,2,4.45
2229,2,4.35
2230,2,4.15
2231,2,4.10
2232,2,3.95
2233,2,3.80
2234,2,3.45
2235,2,3.40
2236,2,4.25
2237,2,4.25
2238,2,4.25
2239,2,4.25
2240,2,4.30
2241,2,4.30
2242,2,4.35
2243,2,4.40
2244,2,4.45
2245,2,2.40
2246,2,4.35
2247,2,4.65
2248,2,4.75
2249,2,4.70
2250,2,4.95
2251,2,3.00
2252,2,3.10
2253,2,5.05
2254,2,3.25
2255,2,2.10
2256,2,2.40
2257,2,2.30
2258,2,2.25
2259,2,2.15
2260,2,2.15
2261,2,2.10
2262,2,2.05
2263,2,2.00
2264,2,2.00
2265,2,2.00
2266,2,1.90
2267,2,1.80
2268,2,1.70
2269,2,1.60
2270,2,1.50
2271,2,0.80
2272,2,0.80
2273,2,0.80
2274,2,1.70
2275,2,2.15
2276,2,3.10
2277,2,2.90
2278,2,2.90
2279,2,2.80
2280,2,2.65
2281,2,2.55
2282,2,2.40
2283,2,2.25
2284,2,2.05
2285,2,2.05
2286,2,2.75
2287,2,2.75
2288,2,2.75
2289,2,2.75
2290,2,2.75
2291,2,2.80
2292,2,2.85
2293,2,2.85
2294,2,2.90
2295,2,4.35
2296,2,2.40
2297,2,0.95
2298,2,1.15
2299,2,3.15
2300,2,3.45
2301,2,3.30
2302,2,3.40
2303,2,5.35
2304,2,3.55
2305,2,2.40
2306,2,2.70
2307,2,2.60
2308,2,2.55
2309,2,2.45
2310,2,2.45
2311,2,2.40
2312,2,2.35
2313,2,2.30
2314,2,2.30
2315,2,2.30
2316,2,2.20
2317,2,2.10
2318,2,2.00
2319,2,1.90
2320,2,1.80
2321,2,1.65
2322,2,1.45
2323,2,1.25
2324,2,2.00
2325,2,2.45
2326,2,3.40
2327,2,3.20
2328,2,3.20
2329,2,3.10
2330,2,2.95
2331,2,2.85
2332,2,2.70
2333,2,2.55
2334,2,2.35
2335,2,2.35
2336,2,3.05
2337,2,3.05
2338,2,3.05
2339,2,3.05
2340,2,3.05
2341,2,3.10
2342,2,3.15
2343,2,3.15
2344,2,3.20
2345,2,4.65
2346,2,0.95
2347,2,2.40
2348,2,0.80
2349,2,3.45
2350,2,3.75
2351,2,3.40
2352,2,3.50
2353,2,5.45
2354,2,3.65
2355,2,2.50
2356,2,2.80
2357,2,2.70
2358,2,2.65
2359,2,2.55
2360,2,2.55
2361,2,2.50
2362,2,2.45
2363,2,2.40
2364,2,2.40
2365,2,2.40
2366,2,2.30
2367,2,2.25
2368,2,2.10
2369,2,2.00
2370,2,1.90
2371,2,1.75
2372,2,1.55
2373,2,1.40
2374,2,2.10
2375,2,2.60
2376,2,3.50
2377,2,3.30
2378,2,3.30
2379,2,3.20
2380,2,3.05
2381,2,3.00
2382,2,2.85
2383,2,2.65
2384,2,2.45
2385,2,2.45
2386,2,3.15
2387,2,3.15
2388,2,3.15
2389,2,3.15
2390,2,3.15
2391,2,3.20
2392,2,3.25
2393,2,3.30
2394,2,3.35
2395,2,4.75
2396,2,1.15
2397,2,0.80
2398,2,2.40
2399,2,3.60
2400,2,3.85
2401,2,3.05
2402,2,3.15
2403,2,5.10
2404,2,3.30
2405,2,2.90
2406,2,2.30
2407,2,2.20
2408,2,2.15
2409,2,2.05
2410,2,2.05
2411,2,2.00
2412,2,2.00
2413,2,2.05
2414,2,2.05
2415,2,2.05
2416,2,2.10
2417,2,2.20
2418,2,2.30
2419,2,2.40
2420,2,2.50
2421,2,2.65
2422,2,2.85
2423,2,3.00
2424,2,2.55
2425,2,3.00
2426,2,0.80
2427,2,0.80
2428,2,2.95
2429,2,0.80
2430,2,1.35
2431,2,1.45
2432,2,1.60
2433,2,1.75
2434,2,1.95
2435,2,2.10
2436,2,2.75
2437,2,2.75
2438,2,2.75
2439,2,2.75
2440,2,2.80
2441,2,2.85
2442,2,2.90
2443,2,2.90
2444,2,3.00
2445,2,4.70
2446,2,3.15
2447,2,3.45
2448,2,3.60
2449,2,2.40
2450,2,0.80
2451,2,3.30
2452,2,3.40
2453,2,5.35
2454,2,3.55
2455,2,3.20
2456,2,2.55
2457,2,2.45
2458,2,2.40
2459,2,2.30
2460,2,2.30
2461,2,2.30
2462,2,2.30
2463,2,2.30
2464,2,2.30
2465,2,2.30
2466,2,2.35
2467,2,2.45
2468,2,2.55
2469,2,2.65
2470,2,2.75
2471,2,2.90
2472,2,3.10
2473,2,3.25
2474,2,2.80
2475,2,3.25
2476,2,0.80
2477,2,1.40
2478,2,3.25
2479,2,1.45
2480,2,1.65
2481,2,1.70
2482,2,1.85
2483,2,2.00
2484,2,2.25
2485,2,2.35
2486,2,3.05
2487,2,3.05
2488,2,3.05
2489,2,3.05
2490,2,3.05
2491,2,3.10
2492,2,3.15
2493,2,3.20
2494,2,3.25
2495,2,4.95
2496,2,3.45
2497,2,3.75
2498,2,3.85
2499,2,0.80
2500,2,2.40
1,16,5.10
2,16,2.85
3,16,6.80
4,16,2.85
5,16,5.85
6,16,4.70
7,16,4.55
8,16,4.40
9,16,4.20
10,16,4.20
11,16,4.10
12,16,4.00
13,16,3.90
14,16,3.90
15,16,3.90
16,16,4.15
17,16,4.30
18,16,4.60
19,16,4.80
20,16,5.00
21,16,5.30
22,16,5.75
23,16,6.00
24,16,5.00
25,16,6.00
26,16,6.40
27,16,5.95
28,16,2.85
29,16,5.75
30,16,5.40
31,16,5.25
32,16,4.95
33,16,4.60
34,16,4.10
35,16,3.80
36,16,3.45
37,16,3.45
38,16,3.45
39,16,3.45
40,16,3.30
41,16,3.20
42,16,3.00
43,16,2.85
44,16,2.85
45,16,9.65
46,16,6.40
47,16,7.05
48,16,7.25
49,16,6.55
50,16,7.10
51,16,2.85
52,16,5.10
53,16,6.80
54,16,2.85
55,16,6.10
56,16,4.95
57,16,4.75
58,16,4.60
59,16,4.45
60,16,4.40
61,16,4.30
62,16,4.20
63,16,4.15
64,16,4.15
65,16,4.15
66,16,4.40
67,16,4.55
68,16,4.80
69,16,5.00
70,16,5.25
71,16,5.55
72,16,6.00
73,16,6.25
74,16,5.25
75,16,6.25
76,16,6.60
77,16,6.15
78,16,2.85
79,16,6.00
80,16,5.60
81,16,5.45
82,16,5.15
83,16,4.80
84,16,4.35
85,16,4.05
86,16,3.80
87,16,3.80
88,16,3.80
89,16,3.80
90,16,3.65
91,16,3.60
92,16,3.35
93,16,3.20
94,16,2.85
95,16,9.90
96,16,6.65
97,16,7.30
98,16,7.50
99,16,6.75
100,16,7.30
101,16,6.80
102,16,6.80
103,16,5.10
104,16,3.95
105,16,10.20
106,16,9.05
107,16,8.90
108,16,8.75
109,16,8.60
110,16,8.55
111,16,8.45
112,16,8.35
113,16,8.25
114,16,8.25
115,16,8.25
116,16,8.50
117,16,8.65
118,16,8.95
119,16,9.15
120,16,9.40
121,16,9.65
122,16,10.10
123,16,10.40
124,16,9.40
125,16,10.40
126,16,10.75
127,16,10.30
128,16,7.10
129,16,10.10
130,16,9.75
131,16,9.60
132,16,9.30
133,16,8.95
134,16,8.45
135,16,8.20
136,16,8.00
137,16,8.00
138,16,8.00
139,16,8.00
140,16,7.90
141,16,7.80
142,16,7.60
143,16,7.50
144,16,7.30
145,16,14.05
146,16,10.80
147,16,11.40
148,16,11.65
149,16,10.90
150,16,11.45
151,16,2.85
152,16,2.85
153,16,3.95
154,16,5.10
155,16,6.40
156,16,5.25
157,16,5.05
158,16,4.90
159,16,4.75
160,16,4.70
161,16,4.60
162,16,4.50
163,16,4.40
164,16,4.40
165,16,4.40
166,16,4.65
167,16,4.80
168,16,5.10
169,16,5.30
170,16,5.60
171,16,5.80
172,16,6.25
173,16,6.55
174,16,5.55
175,16,6.55
176,16,6.90
177,16,6.45
178,16,3.30
179,16,6.25
180,16,5.90
181,16,5.80
182,16,5.45
183,16,5.10
184,16,4.60
185,16,4.35
186,16,4.15
187,16,4.15
188,16,4.15
189,16,4.15
190,16,4.10
191,16,4.00
192,16,3.80
193,16,3.70
194,16,3.50
195,16,10.20
196,16,6.95
197,16,7.60
198,16,7.80
199,16,7.05
200,16,7.60
201,16,5.85
202,16,6.10
203,16,10.20
204,16,6.40
205,16,5.10
206,16,4.60
207,16,4.40
208,16,4.25
209,16,4.05
210,16,4.00
211,16,4.00
212,16,3.85
213,16,3.80
214,16,3.80
215,16,3.80
216,16,3.55
217,16,3.35
218,16,3.15
219,16,1.70
220,16,3.15
221,16,3.40
222,16,3.80
223,16,4.15
224,16,1.70
225,16,1.70
226,16,6.10
227,16,5.60
228,16,5.70
229,16,5.45
230,16,5.10
231,16,4.95
232,16,4.60
233,16,4.30
234,16,3.85
235,16,3.85
236,16,5.30
237,16,5.30
238,16,5.30
239,16,5.30
240,16,5.40
241,16,5.40
242,16,5.55
243,16,5.60
244,16,5.75
245,16,8.75
246,16,4.55
247,16,5.20
248,16,5.40
249,16,6.20
250,16,6.80
251,16,4.70
252,16,4.95
253,16,9.05
254,16,5.25
255,16,4.60
256,16,5.10
257,16,1.70
258,16,1.70
259,16,1.70
260,16,1.70
261,16,1.70
262,16,2.40
263,16,2.55
264,16,2.55
265,16,2.55
266,16,2.80
267,16,3.00
268,16,3.30
269,16,3.50
270,16,3.75
271,16,4.00
272,16,4.45
273,16,4.75
274,16,3.75
275,16,4.75
276,16,4.80
277,16,4.30
278,16,4.55
279,16,4.15
280,16,3.80
281,16,3.60
282,16,3.35
283,16,3.00
284,16,2.40
285,16,2.70
286,16,4.15
287,16,4.15
288,16,4.15
289,16,4.15
290,16,4.20
291,16,4.25
292,16,4.40
293,16,4.45
294,16,4.60
295,16,8.40
296,16,5.15
297,16,5.80
298,16,6.00
299,16,4.90
300,16,5.50
301,16,4.55
302,16,4.75
303,16,8.90
304,16,5.05
305,16,4.40
306,16,1.70
307,16,5.10
308,16,1.70
309,16,1.70
310,16,1.70
311,16,1.70
312,16,2.05
313,16,2.25
314,16,2.25
315,16,2.25
316,16,2.65
317,16,2.80
318,16,3.10
319,16,3.30
320,16,3.55
321,16,3.80
322,16,4.25
323,16,4.60
324,16,3.55
325,16,4.55
326,16,4.60
327,16,4.15
328,16,4.35
329,16,4.00
330,16,3.60
331,16,3.45
332,16,3.15
333,16,2.80
334,16,2.10
335,16,2.40
336,16,4.00
337,16,4.00
338,16,4.00
339,16,4.00
340,16,4.00
341,16,4.05
342,16,4.20
343,16,4.25
344,16,4.40
345,16,8.20
346,16,4.95
347,16,5.60
348,16,5.80
349,16,4.75
350,16,5.30
351,16,4.40
352,16,4.60
353,16,8.75
354,16,4.90
355,16,4.25
356,16,1.70
357,16,1.70
358,16,5.10
359,16,1.70
360,16,1.70
361,16,1.70
362,16,1.80
363,16,2.00
364,16,2.00
365,16,2.00
366,16,2.40
367,16,2.70
368,16,2.95
369,16,3.15
370,16,3.40
371,16,3.65
372,16,4.10
373,16,4.40
374,16,3.40
375,16,4.40
376,16,4.45
377,16,4.00
378,16,4.20
379,16,3.80
380,16,3.45
381,16,3.30
382,16,3.00
383,16,2.60
384,16,1.85
385,16,2.20
386,16,3.80
387,16,3.80
388,16,3.80
389,16,3.80
390,16,3.90
391,16,3.95
392,16,4.05
393,16,4.15
394,16,4.20
395,16,8.05
396,16,4.80
397,16,5.40
398,16,5.65
399,16,4.60
400,16,5.20
401,16,4.20
402,16,4.45
403,16,8.60
404,16,4.75
405,16,4.05
406,16,1.70
407,16,1.70
408,16,1.70
409,16,5.10
410,16,1.70
411,16,1.70
412,16,1.70
413,16,1.70
414,16,1.70
415,16,1.70
416,16,2.15
417,16,2.40
418,16,2.80
419,16,3.00
420,16,3.25
421,16,3.50
422,16,3.95
423,16,4.25
424,16,3.25
425,16,4.20
426,16,4.30
427,16,3.80
428,16,4.05
429,16,3.65
430,16,3.30
431,16,3.15
432,16,2.80
433,16,2.30
434,16,1.70
435,16,1.85
436,16,3.65
437,16,3.65
438,16,3.65
439,16,3.65
440,16,3.70
441,16,3.80
442,16,3.90
443,16,3.95
444,16,4.05
445,16,7.80
446,16,4.60
447,16,5.25
448,16,5.50
449,16,4.40
450,16,5.00
451,16,4.20
452,16,4.40
453,16,8.55
454,16,4.70
455,16,4.00
456,16,1.70
457,16,1.70
458,16,1.70
459,16,1.70
460,16,5.10
461,16,1.70
462,16,1.70
463,16,1.70
464,16,1.70
465,16,1.70
466,16,2.00
467,16,2.30
468,16,2.75
469,16,2.95
470,16,3.20
471,16,3.45
472,16,3.90
473,16,4.20
474,16,3.20
475,16,4.20
476,16,4.20
477,16,3.80
478,16,4.00
479,16,3.60
480,16,3.20
481,16,3.10
482,16,2.75
483,16,2.20
484,16,1.70
485,16,1.80
486,16,3.60
487,16,3.60
488,16,3.60
489,16,3.60
490,16,3.65
491,16,3.70
492,16,3.85
493,16,3.90
494,16,4.00
495,16,7.65
496,16,4.60
497,16,5.20
498,16,5.45
499,16,4.40
500,16,4.95
501,16,4.10
502,16,4.30
503,16,8.45
504,16,4.60
505,16,4.00
506,16,1.70
507,16,1.70
508,16,1.70
509,16,1.70
510,16,1.70
511,16,5.10
512,16,1.70
513,16,1.70
514,16,1.70
515,16,1.70
516,16,1.85
517,16,2.15
518,16,2.60
519,16,2.85
520,16,3.10
521,16,3.40
522,16,3.80
523,16,4.15
524,16,3.15
525,16,4.10
526,16,4.20
527,16,3.75
528,16,3.90
529,16,3.60
530,16,3.20
531,16,3.05
532,16,2.60
533,16,2.05
534,16,1.70
535,16,1.70
536,16,3.40
537,16,3.40
538,16,3.40
539,16,3.40
540,16,3.60
541,16,3.60
542,16,3.80
543,16,3.80
544,16,3.95
545,16,7.55
546,16,4.50
547,16,5.15
548,16,5.40
549,16,4.35
550,16,4.90
551,16,4.00
552,16,4.20
553,16,8.35
554,16,4.50
555,16,3.85
556,16,2.40
557,16,2.05
558,16,1.80
559,16,1.70
560,16,1.70
561,16,1.70
562,16,5.10
563,16,1.70
564,16,1.70
565,16,1.70
566,16,1.70
567,16,2.00
568,16,2.40
569,16,2.70
570,16,3.00
571,16,3.25
572,16,3.70
573,16,4.00
574,16,3.00
575,16,4.00
576,16,4.20
577,16,3.75
578,16,3.80
579,16,3.60
580,16,3.20
581,16,3.05
582,16,2.55
583,16,1.70
584,16,1.70
585,16,1.70
586,16,3.20
587,16,3.20
588,16,3.20
589,16,3.20
590,16,3.40
591,16,3.45
592,16,3.65
593,16,3.70
594,16,3.80
595,16,7.35
596,16,4.40
597,16,5.00
598,16,5.25
599,16,4.35
600,16,4.90
601,16,3.90
602,16,4.15
603,16,8.25
604,16,4.40
605,16,3.80
606,16,2.55
607,16,2.25
608,16,2.00
609,16,1.70
610,16,1.70
611,16,1.70
612,16,1.70
613,16,5.10
614,16,1.70
615,16,1.70
616,16,1.70
617,16,1.70
618,16,2.20
619,16,2.55
620,16,2.95
621,16,3.20
622,16,3.60
623,16,3.95
624,16,2.95
625,16,3.90
626,16,4.20
627,16,3.80
628,16,3.75
629,16,3.60
630,16,3.20
631,16,3.10
632,16,2.70
633,16,2.15
634,16,1.70
635,16,1.70
636,16,3.05
637,16,3.05
638,16,3.05
639,16,3.05
640,16,3.20
641,16,3.30
642,16,3.50
643,16,3.60
644,16,3.75
645,16,7.05
646,16,4.30
647,16,4.95
648,16,5.20
649,16,4.40
650,16,4.95
651,16,3.90
652,16,4.15
653,16,8.25
654,16,4.40
655,16,3.80
656,16,2.55
657,16,2.25
658,16,2.00
659,16,1.70
660,16,1.70
661,16,1.70
662,16,1.70
663,16,1.70
664,16,5.10
665,16,1.70
666,16,1.70
667,16,1.70
668,16,2.20
669,16,2.55
670,16,2.95
671,16,3.20
672,16,3.60
673,16,3.95
674,16,2.95
675,16,3.90
676,16,4.20
677,16,3.80
678,16,3.75
679,16,3.60
680,16,3.20
681,16,3.10
682,16,2.70
683,16,2.15
684,16,1.70
685,16,1.70
686,16,3.05
687,16,3.05
688,16,3.05
689,16,3.05
690,16,3.20
691,16,3.30
692,16,3.50
693,16,3.60
694,16,3.75
695,16,7.05
696,16,4.30
697,16,4.95
698,16,5.20
699,16,4.40
700,16,4.95
701,16,3.90
702,16,4.15
703,16,8.25
704,16,4.40
705,16,3.80
706,16,2.55
707,16,2.25
708,16,2.00
709,16,1.70
710,16,1.70
711,16,1.70
712,16,1.70
713,16,1.70
714,16,1.70
715,16,5.10
716,16,1.70
717,16,1.70
718,16,2.20
719,16,2.55
720,16,2.95
721,16,3.20
722,16,3.60
723,16,3.95
724,16,2.95
725,16,3.90
726,16,4.20
727,16,3.80
728,16,3.75
729,16,3.60
730,16,3.20
731,16,3.10
732,16,2.70
733,16,2.15
734,16,1.70
735,16,1.70
736,16,3.05
737,16,3.05
738,16,3.05
739,16,3.05
740,16,3.20
741,16,3.30
742,16,3.50
743,16,3.60
744,16,3.75
745,16,7.05
746,16,4.30
747,16,4.95
748,16,5.20
749,16,4.40
750,16,4.95
751,16,4.15
752,16,4.40
753,16,8.50
754,16,4.65
755,16,3.55
756,16,2.80
757,16,2.65
758,16,2.40
759,16,2.15
760,16,2.00
761,16,1.85
762,16,1.70
763,16,1.70
764,16,1.70
765,16,1.70
766,16,5.10
767,16,1.70
768,16,1.70
769,16,2.15
770,16,2.55
771,16,2.95
772,16,3.40
773,16,3.70
774,16,2.55
775,16,3.65
776,16,4.40
777,16,3.90
778,16,4.00
779,16,3.75
780,16,3.40
781,16,3.20
782,16,2.90
783,16,2.40
784,16,1.75
785,16,1.70
786,16,3.40
787,16,3.40
788,16,3.40
789,16,3.40
790,16,3.60
791,16,3.70
792,16,3.80
793,16,3.85
794,16,4.00
795,16,7.05
796,16,4.10
797,16,4.75
798,16,4.95
799,16,4.50
800,16,5.05
801,16,4.30
802,16,4.55
803,16,8.65
804,16,4.80
805,16,3.35
806,16,3.00
807,16,2.80
808,16,2.70
809,16,2.40
810,16,2.30
811,16,2.15
812,16,2.00
813,16,1.70
814,16,1.70
815,16,1.70
816,16,1.70
817,16,5.10
818,16,1.70
819,16,1.70
820,16,2.25
821,16,2.65
822,16,3.20
823,16,3.55
824,16,2.25
825,16,3.50
826,16,4.55
827,16,4.10
828,16,4.15
829,16,3.90
830,16,3.55
831,16,3.40
832,16,3.10
833,16,2.75
834,16,2.00
835,16,1.90
836,16,3.70
837,16,3.70
838,16,3.70
839,16,3.70
840,16,3.80
841,16,3.85
842,16,4.00
843,16,4.05
844,16,4.20
845,16,5.35
846,16,3.90
847,16,4.55
848,16,4.80
849,16,4.70
850,16,5.25
851,16,4.60
852,16,4.80
853,16,8.95
854,16,5.10
855,16,3.15
856,16,3.30
857,16,3.10
858,16,2.95
859,16,2.80
860,16,2.75
861,16,2.60
862,16,2.40
863,16,2.20
864,16,2.20
865,16,2.20
866,16,1.70
867,16,1.70
868,16,5.10
869,16,1.70
870,16,1.70
871,16,2.25
872,16,2.90
873,16,3.25
874,16,1.70
875,16,3.25
876,16,4.80
877,16,4.35
878,16,4.40
879,16,4.15
880,16,3.80
881,16,3.65
882,16,3.35
883,16,3.00
884,16,2.40
885,16,2.35
886,16,4.00
887,16,4.00
888,16,4.00
889,16,4.00
890,16,4.10
891,16,4.10
892,16,4.25
893,16,4.35
894,16,4.40
895,16,7.05
896,16,3.65
897,16,4.30
898,16,4.50
899,16,4.95
900,16,5.50
901,16,4.80
902,16,5.00
903,16,9.15
904,16,5.30
905,16,1.70
906,16,3.50
907,16,3.30
908,16,3.15
909,16,3.00
910,16,2.95
911,16,2.85
912,16,2.70
913,16,2.55
914,16,2.55
915,16,2.55
916,16,2.15
917,16,1.70
918,16,1.70
919,16,5.10
920,16,1.70
921,16,1.70
922,16,1.70
923,16,1.70
924,16,1.70
925,16,1.70
926,16,5.00
927,16,4.55
928,16,4.60
929,16,4.40
930,16,4.00
931,16,3.85
932,16,3.55
933,16,3.20
934,16,2.75
935,16,2.70
936,16,4.20
937,16,4.20
938,16,4.20
939,16,4.20
940,16,4.30
941,16,4.35
942,16,4.45
943,16,4.55
944,16,4.60
945,16,7.05
946,16,3.40
947,16,4.10
948,16,4.30
949,16,5.15
950,16,5.70
951,16,5.00
952,16,5.25
953,16,9.40
954,16,5.60
955,16,3.15
956,16,3.75
957,16,3.55
958,16,3.40
959,16,3.25
960,16,3.20
961,16,3.10
962,16,3.00
963,16,2.95
964,16,2.95
965,16,2.95
966,16,2.55
967,16,2.25
968,16,1.70
969,16,1.70
970,16,5.10
971,16,1.70
972,16,1.70
973,16,1.70
974,16,1.70
975,16,3.30
976,16,5.25
977,16,4.80
978,16,4.85
979,16,4.60
980,16,4.25
981,16,4.15
982,16,3.80
983,16,3.45
984,16,3.00
985,16,3.00
986,16,4.45
987,16,4.45
988,16,4.45
989,16,4.45
990,16,4.55
991,16,4.60
992,16,4.70
993,16,4.80
994,16,4.90
995,16,7.60
996,16,3.20
997,16,3.80
998,16,4.05
999,16,5.40
1000,16,5.95
1001,16,5.30
1002,16,5.55
1003,16,9.65
1004,16,5.80
1005,16,3.40
1006,16,4.00
1007,16,3.80
1008,16,3.65
1009,16,3.50
1010,16,3.45
1011,16,3.40
1012,16,3.25
1013,16,3.20
1014,16,3.20
1015,16,3.20
1016,16,2.95
1017,16,2.65
1018,16,2.25
1019,16,1.70
1020,16,1.70
1021,16,5.10
1022,16,1.70
1023,16,1.70
1024,16,2.30
1025,16,3.55
1026,16,5.55
1027,16,5.05
1028,16,5.15
1029,16,4.90
1030,16,4.50
1031,16,4.40
1032,16,4.05
1033,16,3.75
1034,16,3.25
1035,16,3.25
1036,16,4.75
1037,16,4.75
1038,16,4.75
1039,16,4.75
1040,16,4.80
1041,16,4.85
1042,16,5.00
1043,16,5.00
1044,16,5.15
1045,16,8.00
1046,16,1.70
1047,16,3.60
1048,16,3.80
1049,16,5.65
1050,16,6.20
1051,16,5.75
1052,16,6.00
1053,16,10.10
1054,16,6.25
1055,16,3.80
1056,16,4.45
1057,16,4.25
1058,16,4.10
1059,16,3.95
1060,16,3.90
1061,16,3.80
1062,16,3.70
1063,16,3.60
1064,16,3.60
1065,16,3.60
1066,16,3.40
1067,16,3.20
1068,16,2.90
1069,16,1.70
1070,16,1.70
1071,16,1.70
1072,16,5.10
1073,16,1.70
1074,16,2.95
1075,16,4.00
1076,16,5.95
1077,16,5.50
1078,16,5.60
1079,16,5.35
1080,16,4.95
1081,16,4.80
1082,16,4.50
1083,16,4.20
1084,16,3.70
1085,16,3.70
1086,16,5.20
1087,16,5.20
1088,16,5.20
1089,16,5.20
1090,16,5.20
1091,16,5.25
1092,16,5.40
1093,16,5.45
1094,16,5.60
1095,16,8.60
1096,16,1.70
1097,16,3.15
1098,16,3.35
1099,16,6.10
1100,16,6.65
1101,16,6.00
1102,16,6.25
1103,16,10.40
1104,16,6.55
1105,16,4.15
1106,16,4.75
1107,16,4.60
1108,16,4.40
1109,16,4.25
1110,16,4.20
1111,16,4.15
1112,16,4.00
1113,16,3.95
1114,16,3.95
1115,16,3.95
1116,16,3.70
1117,16,3.55
1118,16,3.25
1119,16,1.70
1120,16,1.70
1121,16,1.70
1122,16,1.70
1123,16,5.10
1124,16,3.30
1125,16,4.30
1126,16,6.25
1127,16,5.80
1128,16,5.85
1129,16,5.60
1130,16,5.25
1131,16,5.15
1132,16,4.80
1133,16,4.45
1134,16,4.00
1135,16,4.00
1136,16,5.45
1137,16,5.45
1138,16,5.45
1139,16,5.45
1140,16,5.55
1141,16,5.60
1142,16,5.70
1143,16,5.80
1144,16,5.90
1145,16,8.90
1146,16,1.70
1147,16,2.70
1148,16,3.05
1149,16,6.40
1150,16,7.00
1151,16,5.00
1152,16,5.25
1153,16,9.40
1154,16,5.55
1155,16,1.70
1156,16,3.75
1157,16,3.55
1158,16,3.40
1159,16,3.25
1160,16,3.20
1161,16,3.15
1162,16,3.00
1163,16,2.95
1164,16,2.95
1165,16,2.95
1166,16,2.55
1167,16,2.25
1168,16,1.70
1169,16,1.70
1170,16,1.70
1171,16,2.30
1172,16,2.95
1173,16,3.30
1174,16,5.10
1175,16,1.70
1176,16,5.25
1177,16,4.80
1178,16,4.85
1179,16,4.60
1180,16,4.25
1181,16,4.15
1182,16,3.80
1183,16,3.45
1184,16,3.00
1185,16,3.00
1186,16,4.45
1187,16,4.45
1188,16,4.45
1189,16,4.45
1190,16,4.55
1191,16,4.60
1192,16,4.70
1193,16,4.80
1194,16,4.90
1195,16,7.60
1196,16,3.70
1197,16,4.35
1198,16,4.55
1199,16,5.40
1200,16,6.00
1201,16,6.00
1202,16,6.25
1203,16,10.40
1204,16,6.55
1205,16,1.70
1206,16,4.75
1207,16,4.55
1208,16,4.40
1209,16,4.20
1210,16,4.20
1211,16,4.10
1212,16,4.00
1213,16,3.90
1214,16,3.90
1215,16,3.90
1216,16,3.65
1217,16,3.50
1218,16,3.25
1219,16,1.70
1220,16,3.30
1221,16,3.55
1222,16,4.00
1223,16,4.30
1224,16,1.70
1225,16,5.10
1226,16,6.25
1227,16,5.80
1228,16,5.85
1229,16,5.60
1230,16,5.25
1231,16,5.10
1232,16,4.80
1233,16,4.45
1234,16,4.00
1235,16,4.00
1236,16,5.45
1237,16,5.45
1238,16,5.45
1239,16,5.45
1240,16,5.50
1241,16,5.60
1242,16,5.70
1243,16,5.75
1244,16,5.85
1245,16,8.85
1246,16,4.65
1247,16,5.30
1248,16,5.55
1249,16,6.40
1250,16,6.95
1251,16,6.40
1252,16,6.60
1253,16,10.75
1254,16,6.90
1255,16,6.10
1256,16,4.80
1257,16,4.60
1258,16,4.45
1259,16,4.30
1260,16,4.20
1261,16,4.20
1262,16,4.20
1263,16,4.20
1264,16,4.20
1265,16,4.20
1266,16,4.40
1267,16,4.55
1268,16,4.80
1269,16,5.00
1270,16,5.25
1271,16,5.55
1272,16,5.95
1273,16,6.25
1274,16,5.25
1275,16,6.25
1276,16,5.10
1277,16,1.70
1278,16,6.20
1279,16,1.70
1280,16,1.70
1281,16,1.70
1282,16,3.25
1283,16,3.60
1284,16,4.10
1285,16,4.35
1286,16,5.80
1287,16,5.80
1288,16,5.80
1289,16,5.80
1290,16,5.90
1291,16,5.95
1292,16,6.05
1293,16,6.15
1294,16,6.20
1295,16,9.90
1296,16,6.65
1297,16,7.30
1298,16,7.50
1299,16,1.70
1300,16,1.70
1301,16,5.95
1302,16,6.15
1303,16,10.30
1304,16,6.45
1305,16,5.60
1306,16,4.30
1307,16,4.15
1308,16,4.00
1309,16,3.80
1310,16,3.80
1311,16,3.75
1312,16,3.75
1313,16,3.80
1314,16,3.80
1315,16,3.80
1316,16,3.90
1317,16,4.10
1318,16,4.35
1319,16,4.55
1320,16,4.80
1321,16,5.05
1322,16,5.50
1323,16,5.80
1324,16,4.80
1325,16,5.80
1326,16,1.70
1327,16,5.10
1328,16,5.75
1329,16,1.70
1330,16,1.70
1331,16,1.70
1332,16,2.70
1333,16,3.15
1334,16,3.60
1335,16,3.90
1336,16,5.35
1337,16,5.35
1338,16,5.35
1339,16,5.35
1340,16,5.40
1341,16,5.45
1342,16,5.60
1343,16,5.65
1344,16,5.80
1345,16,9.45
1346,16,6.20
1347,16,6.80
1348,16,7.05
1349,16,1.70
1350,16,3.00
1351,16,2.85
1352,16,2.85
1353,16,7.10
1354,16,3.30
1355,16,5.70
1356,16,4.55
1357,16,4.35
1358,16,4.20
1359,16,4.05
1360,16,4.00
1361,16,3.90
1362,16,3.80
1363,16,3.75
1364,16,3.75
1365,16,3.75
1366,16,4.00
1367,16,4.15
1368,16,4.40
1369,16,4.60
1370,16,4.85
1371,16,5.15
1372,16,5.60
1373,16,5.85
1374,16,4.85
1375,16,5.85
1376,16,6.20
1377,16,5.75
1378,16,5.10
1379,16,5.60
1380,16,5.20
1381,16,5.05
1382,16,4.75
1383,16,4.40
1384,16,3.95
1385,16,3.65
1386,16,3.20
1387,16,3.20
1388,16,3.20
1389,16,3.20
1390,16,3.05
1391,16,2.95
1392,16,2.85
1393,16,2.85
1394,16,2.85
1395,16,9.50
1396,16,6.25
1397,16,6.90
1398,16,7.10
1399,16,6.35
1400,16,6.95
1401,16,5.75
1402,16,6.00
1403,16,10.10
1404,16,6.25
1405,16,5.45
1406,16,4.15
1407,16,4.00
1408,16,3.80
1409,16,3.65
1410,16,3.60
1411,16,3.60
1412,16,3.60
1413,16,3.60
1414,16,3.60
1415,16,3.60
1416,16,3.75
1417,16,3.90
1418,16,4.15
1419,16,4.40
1420,16,4.60
1421,16,4.90
1422,16,5.35
1423,16,5.60
1424,16,4.60
1425,16,5.60
1426,16,1.70
1427,16,1.70
1428,16,5.60
1429,16,5.10
1430,16,1.70
1431,16,1.70
1432,16,1.70
1433,16,1.70
1434,16,3.45
1435,16,3.70
1436,16,5.20
1437,16,5.20
1438,16,5.20
1439,16,5.20
1440,16,5.25
1441,16,5.30
1442,16,5.40
1443,16,5.50
1444,16,5.60
1445,16,9.25
1446,16,6.00
1447,16,6.65
1448,16,6.85
1449,16,1.70
1450,16,3.15
1451,16,5.40
1452,16,5.60
1453,16,9.75
1454,16,5.90
1455,16,5.10
1456,16,3.80
1457,16,3.60
1458,16,3.45
1459,16,3.30
1460,16,3.20
1461,16,3.20
1462,16,3.20
1463,16,3.20
1464,16,3.20
1465,16,3.20
1466,16,3.40
1467,16,3.55
1468,16,3.80
1469,16,4.00
1470,16,4.25
1471,16,4.50
1472,16,4.95
1473,16,5.25
1474,16,4.25
1475,16,5.25
1476,16,1.70
1477,16,1.70
1478,16,5.20
1479,16,1.70
1480,16,5.10
1481,16,1.70
1482,16,1.70
1483,16,1.70
1484,16,3.05
1485,16,3.40
1486,16,4.80
1487,16,4.80
1488,16,4.80
1489,16,4.80
1490,16,4.85
1491,16,4.95
1492,16,5.05
1493,16,5.10
1494,16,5.20
1495,16,8.90
1496,16,5.65
1497,16,6.30
1498,16,6.50
1499,16,2.95
1500,16,3.50
1501,16,5.25
1502,16,5.45
1503,16,9.60
1504,16,5.80
1505,16,4.95
1506,16,3.60
1507,16,3.45
1508,16,3.30
1509,16,3.15
1510,16,3.10
1511,16,3.05
1512,16,3.05
1513,16,3.10
1514,16,3.10
1515,16,3.10
1516,16,3.20
1517,16,3.40
1518,16,3.65
1519,16,3.85
1520,16,4.15
1521,16,4.40
1522,16,4.80
1523,16,5.15
1524,16,4.15
1525,16,5.10
1526,16,1.70
1527,16,1.70
1528,16,5.05
1529,16,1.70
1530,16,1.70
1531,16,5.10
1532,16,1.70
1533,16,1.70
1534,16,2.85
1535,16,3.20
1536,16,4.65
1537,16,4.65
1538,16,4.65
1539,16,4.65
1540,16,4.75
1541,16,4.80
1542,16,4.90
1543,16,5.00
1544,16,5.10
1545,16,8.80
1546,16,5.50
1547,16,6.15
1548,16,6.40
1549,16,3.10
1550,16,3.65
1551,16,4.95
1552,16,5.15
1553,16,9.30
1554,16,5.45
1555,16,4.60
1556,16,3.35
1557,16,3.15
1558,16,3.00
1559,16,2.80
1560,16,2.75
1561,16,2.60
1562,16,2.55
1563,16,2.70
1564,16,2.70
1565,16,2.70
1566,16,2.90
1567,16,3.10
1568,16,3.35
1569,16,3.55
1570,16,3.80
1571,16,4.05
1572,16,4.50
1573,16,4.80
1574,16,3.80
1575,16,4.80
1576,16,3.25
1577,16,2.70
1578,16,4.75
1579,16,1.70
1580,16,1.70
1581,16,1.70
1582,16,5.10
1583,16,1.70
1584,16,2.40
1585,16,2.90
1586,16,4.40
1587,16,4.40
1588,16,4.40
1589,16,4.40
1590,16,4.40
1591,16,4.45
1592,16,4.60
1593,16,4.65
1594,16,4.80
1595,16,8.45
1596,16,5.20
1597,16,5.80
1598,16,6.05
1599,16,3.40
1600,16,4.00
1601,16,4.60
1602,16,4.80
1603,16,8.95
1604,16,5.10
1605,16,4.30
1606,16,3.00
1607,16,2.80
1608,16,2.60
1609,16,2.30
1610,16,2.20
1611,16,2.05
1612,16,1.70
1613,16,2.15
1614,16,2.15
1615,16,2.15
1616,16,2.40
1617,16,2.75
1618,16,3.00
1619,16,3.20
1620,16,3.45
1621,16,3.75
1622,16,4.20
1623,16,4.45
1624,16,3.45
1625,16,4.45
1626,16,3.60
1627,16,3.15
1628,16,4.40
1629,16,1.70
1630,16,1.70
1631,16,1.70
1632,16,1.70
1633,16,5.10
1634,16,1.70
1635,16,2.35
1636,16,4.00
1637,16,4.00
1638,16,4.00
1639,16,4.00
1640,16,4.10
1641,16,4.15
1642,16,4.25
1643,16,4.35
1644,16,4.45
1645,16,8.10
1646,16,4.85
1647,16,5.50
1648,16,5.70
1649,16,3.75
1650,16,4.30
1651,16,4.10
1652,16,4.35
1653,16,8.45
1654,16,4.60
1655,16,3.85
1656,16,2.40
1657,16,2.10
1658,16,1.85
1659,16,1.70
1660,16,1.70
1661,16,1.70
1662,16,1.70
1663,16,1.70
1664,16,1.70
1665,16,1.70
1666,16,1.75
1667,16,2.00
1668,16,2.40
1669,16,2.75
1670,16,3.00
1671,16,3.25
1672,16,3.70
1673,16,4.00
1674,16,3.00
1675,16,4.00
1676,16,4.10
1677,16,3.60
1678,16,3.95
1679,16,3.45
1680,16,3.05
1681,16,2.85
1682,16,2.40
1683,16,1.70
1684,16,5.10
1685,16,1.70
1686,16,3.40
1687,16,3.40
1688,16,3.40
1689,16,3.40
1690,16,3.60
1691,16,3.65
1692,16,3.80
1693,16,3.80
1694,16,3.95
1695,16,7.40
1696,16,4.40
1697,16,5.00
1698,16,5.25
1699,16,4.20
1700,16,4.80
1701,16,3.80
1702,16,4.05
1703,16,8.20
1704,16,4.35
1705,16,3.85
1706,16,2.70
1707,16,2.40
1708,16,2.20
1709,16,1.85
1710,16,1.80
1711,16,1.70
1712,16,1.70
1713,16,1.70
1714,16,1.70
1715,16,1.70
1716,16,1.70
1717,16,1.90
1718,16,2.35
1719,16,2.70
1720,16,3.00
1721,16,3.25
1722,16,3.70
1723,16,4.00
1724,16,3.00
1725,16,4.00
1726,16,4.35
1727,16,3.90
1728,16,3.65
1729,16,3.70
1730,16,3.40
1731,16,3.20
1732,16,2.90
1733,16,2.35
1734,16,1.70
1735,16,5.10
1736,16,2.80
1737,16,2.80
1738,16,2.80
1739,16,2.80
1740,16,3.05
1741,16,3.15
1742,16,3.35
1743,16,3.50
1744,16,3.65
1745,16,7.30
1746,16,4.40
1747,16,5.05
1748,16,5.25
1749,16,4.50
1750,16,5.05
1751,16,3.45
1752,16,3.80
1753,16,8.00
1754,16,4.15
1755,16,5.30
1756,16,4.15
1757,16,4.00
1758,16,3.80
1759,16,3.65
1760,16,3.60
1761,16,3.40
1762,16,3.20
1763,16,3.05
1764,16,3.05
1765,16,3.05
1766,16,3.40
1767,16,3.70
1768,16,4.00
1769,16,4.20
1770,16,4.45
1771,16,4.75
1772,16,5.20
1773,16,5.45
1774,16,4.45
1775,16,5.45
1776,16,5.80
1777,16,5.35
1778,16,3.20
1779,16,5.20
1780,16,4.80
1781,16,4.65
1782,16,4.40
1783,16,4.00
1784,16,3.40
1785,16,2.80
1786,16,5.10
1787,16,1.70
1788,16,1.70
1789,16,1.70
1790,16,1.70
1791,16,1.70
1792,16,1.70
1793,16,1.70
1794,16,2.90
1795,16,9.10
1796,16,5.85
1797,16,6.50
1798,16,6.70
1799,16,5.95
1800,16,6.55
1801,16,3.45
1802,16,3.80
1803,16,8.00
1804,16,4.15
1805,16,5.30
1806,16,4.15
1807,16,4.00
1808,16,3.80
1809,16,3.65
1810,16,3.60
1811,16,3.40
1812,16,3.20
1813,16,3.05
1814,16,3.05
1815,16,3.05
1816,16,3.40
1817,16,3.70
1818,16,4.00
1819,16,4.20
1820,16,4.45
1821,16,4.75
1822,16,5.20
1823,16,5.45
1824,16,4.45
1825,16,5.45
1826,16,5.80
1827,16,5.35
1828,16,3.20
1829,16,5.20
1830,16,4.80
1831,16,4.65
1832,16,4.40
1833,16,4.00
1834,16,3.40
1835,16,2.80
1836,16,1.70
1837,16,5.10
1838,16,1.70
1839,16,1.70
1840,16,1.70
1841,16,1.70
1842,16,1.70
1843,16,1.70
1844,16,2.90
1845,16,9.10
1846,16,5.85
1847,16,6.50
1848,16,6.70
1849,16,5.95
1850,16,6.55
1851,16,3.45
1852,16,3.80
1853,16,8.00
1854,16,4.15
1855,16,5.30
1856,16,4.15
1857,16,4.00
1858,16,3.80
1859,16,3.65
1860,16,3.60
1861,16,3.40
1862,16,3.20
1863,16,3.05
1864,16,3.05
1865,16,3.05
1866,16,3.40
1867,16,3.70
1868,16,4.00
1869,16,4.20
1870,16,4.45
1871,16,4.75
1872,16,5.20
1873,16,5.45
1874,16,4.45
1875,16,5.45
1876,16,5.80
1877,16,5.35
1878,16,3.20
1879,16,5.20
1880,16,4.80
1881,16,4.65
1882,16,4.40
1883,16,4.00
1884,16,3.40
1885,16,2.80
1886,16,1.70
1887,16,1.70
1888,16,5.10
1889,16,1.70
1890,16,1.70
1891,16,1.70
1892,16,1.70
1893,16,1.70
1894,16,2.90
1895,16,9.10
1896,16,5.85
1897,16,6.50
1898,16,6.70
1899,16,5.95
1900,16,6.55
1901,16,3.45
1902,16,3.80
1903,16,8.00
1904,16,4.15
1905,16,5.30
1906,16,4.15
1907,16,4.00
1908,16,3.80
1909,16,3.65
1910,16,3.60
1911,16,3.40
1912,16,3.20
1913,16,3.05
1914,16,3.05
1915,16,3.05
1916,16,3.40
1917,16,3.70
1918,16,4.00
1919,16,4.20
1920,16,4.45
1921,16,4.75
1922,16,5.20
1923,16,5.45
1924,16,4.45
1925,16,5.45
1926,16,5.80
1927,16,5.35
1928,16,3.20
1929,16,5.20
1930,16,4.80
1931,16,4.65
1932,16,4.40
1933,16,4.00
1934,16,3.40
1935,16,2.80
1936,16,1.70
1937,16,1.70
1938,16,1.70
1939,16,5.10
1940,16,1.70
1941,16,1.70
1942,16,1.70
1943,16,1.70
1944,16,2.90
1945,16,9.10
1946,16,5.85
1947,16,6.50
1948,16,6.70
1949,16,5.95
1950,16,6.55
1951,16,3.30
1952,16,3.65
1953,16,7.90
1954,16,4.10
1955,16,5.40
1956,16,4.20
1957,16,4.00
1958,16,3.90
1959,16,3.70
1960,16,3.65
1961,16,3.60
1962,16,3.40
1963,16,3.20
1964,16,3.20
1965,16,3.20
1966,16,3.60
1967,16,3.80
1968,16,4.10
1969,16,4.30
1970,16,4.55
1971,16,4.80
1972,16,5.20
1973,16,5.55
1974,16,4.55
1975,16,5.50
1976,16,5.90
1977,16,5.40
1978,16,3.05
1979,16,5.25
1980,16,4.85
1981,16,4.75
1982,16,4.40
1983,16,4.10
1984,16,3.60
1985,16,3.05
1986,16,1.70
1987,16,1.70
1988,16,1.70
1989,16,1.70
1990,16,5.10
1991,16,1.70
1992,16,1.70
1993,16,1.70
1994,16,2.70
1995,16,9.20
1996,16,5.90
1997,16,6.55
1998,16,6.80
1999,16,6.00
2000,16,6.60
2001,16,3.20
2002,16,3.60
2003,16,7.80
2004,16,4.00
2005,16,5.40
2006,16,4.25
2007,16,4.05
2008,16,3.95
2009,16,3.80
2010,16,3.70
2011,16,3.60
2012,16,3.45
2013,16,3.30
2014,16,3.30
2015,16,3.30
2016,16,3.70
2017,16,3.85
2018,16,4.10
2019,16,4.35
2020,16,4.60
2021,16,4.85
2022,16,5.25
2023,16,5.60
2024,16,4.60
2025,16,5.60
2026,16,5.95
2027,16,5.45
2028,16,2.95
2029,16,5.30
2030,16,4.95
2031,16,4.80
2032,16,4.45
2033,16,4.15
2034,16,3.65
2035,16,3.15
2036,16,1.70
2037,16,1.70
2038,16,1.70
2039,16,1.70
2040,16,1.70
2041,16,5.10
2042,16,1.70
2043,16,1.70
2044,16,2.70
2045,16,9.20
2046,16,6.00
2047,16,6.60
2048,16,6.80
2049,16,6.05
2050,16,6.60
2051,16,3.00
2052,16,3.35
2053,16,7.60
2054,16,3.80
2055,16,5.55
2056,16,4.40
2057,16,4.20
2058,16,4.05
2059,16,3.90
2060,16,3.85
2061,16,3.80
2062,16,3.65
2063,16,3.50
2064,16,3.50
2065,16,3.50
2066,16,3.80
2067,16,4.00
2068,16,4.25
2069,16,4.45
2070,16,4.70
2071,16,5.00
2072,16,5.40
2073,16,5.70
2074,16,4.70
2075,16,5.70
2076,16,6.05
2077,16,5.60
2078,16,2.85
2079,16,5.40
2080,16,5.05
2081,16,4.90
2082,16,4.60
2083,16,4.25
2084,16,3.80
2085,16,3.35
2086,16,1.70
2087,16,1.70
2088,16,1.70
2089,16,1.70
2090,16,1.70
2091,16,1.70
2092,16,5.10
2093,16,1.70
2094,16,2.70
2095,16,9.35
2096,16,6.10
2097,16,6.75
2098,16,7.00
2099,16,6.20
2100,16,6.80
2101,16,2.85
2102,16,3.20
2103,16,7.50
2104,16,3.70
2105,16,5.60
2106,16,4.45
2107,16,4.25
2108,16,4.15
2109,16,3.95
2110,16,3.90
2111,16,3.80
2112,16,3.70
2113,16,3.60
2114,16,3.60
2115,16,3.60
2116,16,3.85
2117,16,4.05
2118,16,4.35
2119,16,4.55
2120,16,4.80
2121,16,5.00
2122,16,5.45
2123,16,5.80
2124,16,4.80
2125,16,5.75
2126,16,6.15
2127,16,5.65
2128,16,2.85
2129,16,5.50
2130,16,5.10
2131,16,5.00
2132,16,4.65
2133,16,4.35
2134,16,3.80
2135,16,3.50
2136,16,1.70
2137,16,1.70
2138,16,1.70
2139,16,1.70
2140,16,1.70
2141,16,1.70
2142,16,1.70
2143,16,5.10
2144,16,2.70
2145,16,9.40
2146,16,6.15
2147,16,6.80
2148,16,7.00
2149,16,6.25
2150,16,6.80
2151,16,2.85
2152,16,2.85
2153,16,7.30
2154,16,3.50
2155,16,5.75
2156,16,4.60
2157,16,4.40
2158,16,4.20
2159,16,4.05
2160,16,4.00
2161,16,3.95
2162,16,3.80
2163,16,3.75
2164,16,3.75
2165,16,3.75
2166,16,4.00
2167,16,4.20
2168,16,4.40
2169,16,4.60
2170,16,4.90
2171,16,5.15
2172,16,5.60
2173,16,5.90
2174,16,4.90
2175,16,5.85
2176,16,6.20
2177,16,5.80
2178,16,2.85
2179,16,5.60
2180,16,5.20
2181,16,5.10
2182,16,4.80
2183,16,4.45
2184,16,3.95
2185,16,3.65
2186,16,2.90
2187,16,2.90
2188,16,2.90
2189,16,2.90
2190,16,2.70
2191,16,2.70
2192,16,2.70
2193,16,2.70
2194,16,5.10
2195,16,9.55
2196,16,6.25
2197,16,6.90
2198,16,7.15
2199,16,6.40
2200,16,6.95
2201,16,9.65
2202,16,9.90
2203,16,14.05
2204,16,10.20
2205,16,8.75
2206,16,8.40
2207,16,8.20
2208,16,8.05
2209,16,7.80
2210,16,7.65
2211,16,7.55
2212,16,7.35
2213,16,7.05
2214,16,7.05
2215,16,7.05
2216,16,7.05
2217,16,5.35
2218,16,7.05
2219,16,7.05
2220,16,7.60
2221,16,8.00
2222,16,8.60
2223,16,8.90
2224,16,7.60
2225,16,8.85
2226,16,9.90
2227,16,9.45
2228,16,9.50
2229,16,9.25
2230,16,8.90
2231,16,8.80
2232,16,8.45
2233,16,8.10
2234,16,7.40
2235,16,7.30
2236,16,9.10
2237,16,9.10
2238,16,9.10
2239,16,9.10
2240,16,9.20
2241,16,9.20
2242,16,9.35
2243,16,9.40
2244,16,9.55
2245,16,5.10
2246,16,9.25
2247,16,9.90
2248,16,10.15
2249,16,10.05
2250,16,10.60
2251,16,6.40
2252,16,6.65
2253,16,10.80
2254,16,6.95
2255,16,4.55
2256,16,5.15
2257,16,4.95
2258,16,4.80
2259,16,4.60
2260,16,4.60
2261,16,4.50
2262,16,4.40
2263,16,4.30
2264,16,4.30
2265,16,4.30
2266,16,4.10
2267,16,3.90
2268,16,3.65
2269,16,3.40
2270,16,3.20
2271,16,1.70
2272,16,1.70
2273,16,1.70
2274,16,3.70
2275,16,4.65
2276,16,6.65
2277,16,6.20
2278,16,6.25
2279,16,6.00
2280,16,5.65
2281,16,5.50
2282,16,5.20
2283,16,4.85
2284,16,4.40
2285,16,4.40
2286,16,5.85
2287,16,5.85
2288,16,5.85
2289,16,5.85
2290,16,5.90
2291,16,6.00
2292,16,6.10
2293,16,6.15
2294,16,6.25
2295,16,9.25
2296,16,5.10
2297,16,2.10
2298,16,2.45
2299,16,6.80
2300,16,7.35
2301,16,7.05
2302,16,7.30
2303,16,11.40
2304,16,7.60
2305,16,5.20
2306,16,5.80
2307,16,5.60
2308,16,5.40
2309,16,5.25
2310,16,5.20
2311,16,5.15
2312,16,5.00
2313,16,4.95
2314,16,4.95
2315,16,4.95
2316,16,4.75
2317,16,4.55
2318,16,4.30
2319,16,4.10
2320,16,3.80
2321,16,3.60
2322,16,3.15
2323,16,2.70
2324,16,4.35
2325,16,5.30
2326,16,7.30
2327,16,6.80
2328,16,6.90
2329,16,6.65
2330,16,6.30
2331,16,6.15
2332,16,5.80
2333,16,5.50
2334,16,5.00
2335,16,5.05
2336,16,6.50
2337,16,6.50
2338,16,6.50
2339,16,6.50
2340,16,6.55
2341,16,6.60
2342,16,6.75
2343,16,6.80
2344,16,6.90
2345,16,9.90
2346,16,2.10
2347,16,5.10
2348,16,1.70
2349,16,7.40
2350,16,8.00
2351,16,7.25
2352,16,7.50
2353,16,11.65
2354,16,7.80
2355,16,5.40
2356,16,6.00
2357,16,5.80
2358,16,5.65
2359,16,5.50
2360,16,5.45
2361,16,5.40
2362,16,5.25
2363,16,5.20
2364,16,5.20
2365,16,5.20
2366,16,4.95
2367,16,4.80
2368,16,4.50
2369,16,4.30
2370,16,4.05
2371,16,3.80
2372,16,3.35
2373,16,3.05
2374,16,4.55
2375,16,5.55
2376,16,7.50
2377,16,7.05
2378,16,7.10
2379,16,6.85
2380,16,6.50
2381,16,6.40
2382,16,6.05
2383,16,5.70
2384,16,5.25
2385,16,5.25
2386,16,6.70
2387,16,6.70
2388,16,6.70
2389,16,6.70
2390,16,6.80
2391,16,6.80
2392,16,7.00
2393,16,7.00
2394,16,7.15
2395,16,10.15
2396,16,2.45
2397,16,1.70
2398,16,5.10
2399,16,7.65
2400,16,8.20
2401,16,6.55
2402,16,6.75
2403,16,10.90
2404,16,7.05
2405,16,6.20
2406,16,4.90
2407,16,4.75
2408,16,4.60
2409,16,4.40
2410,16,4.40
2411,16,4.35
2412,16,4.35
2413,16,4.40
2414,16,4.40
2415,16,4.40
2416,16,4.50
2417,16,4.70
2418,16,4.95
2419,16,5.15
2420,16,5.40
2421,16,5.65
2422,16,6.10
2423,16,6.40
2424,16,5.40
2425,16,6.40
2426,16,1.70
2427,16,1.70
2428,16,6.35
2429,16,1.70
2430,16,2.95
2431,16,3.10
2432,16,3.40
2433,16,3.75
2434,16,4.20
2435,16,4.50
2436,16,5.95
2437,16,5.95
2438,16,5.95
2439,16,5.95
2440,16,6.00
2441,16,6.05
2442,16,6.20
2443,16,6.25
2444,16,6.40
2445,16,10.05
2446,16,6.80
2447,16,7.40
2448,16,7.65
2449,16,5.10
2450,16,1.70
2451,16,7.10
2452,16,7.30
2453,16,11.45
2454,16,7.60
2455,16,6.80
2456,16,5.50
2457,16,5.30
2458,16,5.20
2459,16,5.00
2460,16,4.95
2461,16,4.90
2462,16,4.90
2463,16,4.95
2464,16,4.95
2465,16,4.95
2466,16,5.05
2467,16,5.25
2468,16,5.50
2469,16,5.70
2470,16,5.95
2471,16,6.20
2472,16,6.65
2473,16,7.00
2474,16,6.00
2475,16,6.95
2476,16,1.70
2477,16,3.00
2478,16,6.95
2479,16,3.15
2480,16,3.50
2481,16,3.65
2482,16,4.00
2483,16,4.30
2484,16,4.80
2485,16,5.05
2486,16,6.55
2487,16,6.55
2488,16,6.55
2489,16,6.55
2490,16,6.60
2491,16,6.60
2492,16,6.80
2493,16,6.80
2494,16,6.95
2495,16,10.60
2496,16,7.35
2497,16,8.00
2498,16,8.20
2499,16,1.70
2500,16,5.10